Time (TU),X (LU),Y (LU),Z (LU),VX (LU/TU),VY (LU/TU),VZ (LU/TU)
0,0.8778007990603793,2.069447270688621e-27,0.19247025470406084,-5.055312246788807e-14,0.22759832101134014,1.5315225576166486e-13
0.003772593968587915,0.8778028704781283,0.000858627943977862,0.19246693529211717,0.001098136327841363,0.2275918725604245,-0.0017597485806947848
0.011458603527477627,0.8778199081381358,0.002607731703057971,0.1924396322045486,0.003335227374424416,0.22753883192744725,-0.0053448400317601475
0.019148817410609552,0.8778541617484985,0.004357178273062121,0.19238473748116366,0.005573019857897193,0.2274321883347542,-0.008931611488745893
0.02684333863426866,0.8779056549724683,0.006106577620799536,0.19230220747932233,0.007811191962841175,0.22727185340737852,-0.012519922073269255
0.034542244096066446,0.8779744094267896,0.00785553236033943,0.19219199893276726,0.010049412962859385,0.22705773765540763,-0.016109618625087585
0.04224560857118811,0.8780604446682949,0.009603643180305647,0.19205406894942864,0.012287350131410985,0.22678975042618138,-0.01970054710217183
0.04995350610377941,0.878163778173495,0.011350509126180224,0.19188837501761036,0.014524669072158884,0.22646779986104337,-0.023292553438522795
0.05766600025676714,0.8782844251492461,0.01309572536159696,0.1916948752802588,0.016761030818322177,0.2260917933610747,-0.02688547921375084
0.06538315310275959,0.8784223985678085,0.014838885183845525,0.19147352844673762,0.018996094377248102,0.22566163733637615,-0.030479166061550884
0.07310501316946724,0.8785777088749762,0.016579577281997836,0.19122429422634685,0.02122951317618918,0.22517723795685643,-0.034073450278341404
0.08083162484781303,0.8787503640395667,0.01831738785564348,0.19094713321178727,0.023460937734396326,0.22463850082152476,-0.0376681674344191
0.0885630117544763,0.8789403690592735,0.020051896874769225,0.1906420076328433,0.025690010812071954,0.22404533230636595,-0.04126314486945405
0.09629918465799135,0.8791477259294157,0.021782679893966875,0.19030888136538054,0.027916369678017246,0.22339763945199748,-0.04485820563129694
0.1040401488807277,0.8793724337018419,0.023509309732262725,0.1899477197930229,0.03013964821135896,0.22269532955119553,-0.04845317216553465
0.11178587112114617,0.8796144873293428,0.025231349122292596,0.18955849161940447,0.03235946736557001,0.2219383135160725,-0.052047851170557165
0.11953631134017342,0.8798738783183419,0.02694835791145543,0.18914116777369233,0.03457544435268139,0.22112650357973848,-0.05564204868794856
0.12729139862517952,0.8801505937457685,0.028659887787923624,0.18869572294482448,0.03678718575462417,0.2202598160961053,-0.05923555918598179
0.13505103425197862,0.8804446160171123,0.030365483109511947,0.18822213592505843,0.03899428847679546,0.21933817201093544,-0.06282816729087083
0.1428150880595808,0.8807559223915796,0.03206468027797481,0.1877203903290896,0.04119633881238815,0.21836149804989824,-0.06641964642886854
0.15058339565298695,0.8810844844977114,0.03375700733669904,0.18719047533050048,0.0433929117775006,0.21732972792712088,-0.0700097578693623
0.15835575532369364,0.8814302678023844,0.035441983549485384,0.1866323864761179,0.04558357040285308,0.21624280369234328,-0.073598249654774
0.16613192097304832,0.8817932308522576,0.03711911816673896,0.1860461268717326,0.047767863945247756,0.2151006777888891,-0.07718485370603526
0.17391160224977695,0.8821733247876413,0.038787910814159915,0.18543170793351899,0.04994532818286022,0.2139033142540326,-0.08076928628055027
0.18169445032151785,0.8825704921153801,0.040447848859714114,0.18478915134389634,0.05211548174154804,0.21265069225552355,-0.08435124183183462
0.18948006911763843,0.8829846666862659,0.0420984103094114,0.18411848906845749,0.05427782960701833,0.2113428058396131,-0.08793039862603091
0.1972679952454809,0.8834157720590463,0.04373906007877049,0.18341976599238483,0.05643185795213198,0.20997966877649188,-0.09150640995659556
0.20505769571652896,0.8838637206578053,0.04536925018569278,0.18269304128814137,0.05857703403753014,0.208561316928003,-0.09507890359614399
0.21284856193248555,0.8843284126854064,0.04698841924129238,0.1819383901932836,0.06071280515374249,0.2070878114114456,-0.09864747955319296
0.22063991113338513,0.8848097354429796,0.04859599358366364,0.1811559051457554,0.06283859969076666,0.2055592405071521,-0.10221171126874154
0.22843097272711793,0.8853075617018876,0.05019138537245881,0.18034569847768597,0.06495382415483675,0.20397572461080213,-0.10577113991069023
0.23622088008193115,0.8858217482867972,0.05177399197983882,0.17950790479294554,0.06705786182555987,0.20233742057715426,-0.10932527121205197
0.24400867172620977,0.8863521352274836,0.05334319741946492,0.17864268244492484,0.06915007406803604,0.2006445243151345,-0.11287357662483315
0.2517932762826593,0.8868985437916244,0.05489837060068488,0.17775021686766065,0.07122979736917104,0.19889727702299645,-0.1164154870727687
0.2595735149044243,0.887460775640048,0.05643886726596451,0.176830722111054,0.07329634521778651,0.1970959679327132,-0.119950394703415
0.2673480911476902,0.8880386110969815,0.0579640295299828,0.17588444385651375,0.07534900673203176,0.19524093997876732,-0.12347764892667555
0.2751155880643729,0.8886318078887971,0.05947318700859522,0.17491166170853154,0.07738704735179588,0.19333259408510772,-0.12699655574860652
0.28287446060702376,0.8892400995136223,0.060965657169016266,0.1739126921349497,0.07940970842502396,0.19137139476687778,-0.1305063749798897
0.2906230411864897,0.8898631946322318,0.062440748346328824,0.1728878897770971,0.08141621035169472,0.18935787258274783,-0.13400632338787077
0.29835953390554437,0.8905007756274755,0.06389776065729492,0.1718376501697668,0.08340575285270127,0.18729262940874322,-0.13749557269304608
0.306082016133728,0.8911524977705599,0.0653359884262622,0.1707624115138976,0.08537751725197157,0.1851763419173142,-0.14097325085628118
0.3137884410999121,0.8918179885475223,0.0667547228570048,0.1696626562329198,0.0873306690808955,0.18300976470075855,-0.1444384437741598
0.321476646132057,0.8924968475753663,0.06815325576579895,0.1685389116008496,0.08926436214686449,0.18079373164118404,-0.14789019944775555
0.3291443595781481,0.893188646550255,0.06953088303524053,0.1673917503579994,0.09117774225009198,0.17852915733229846,-0.15132753147095426
0.3367892117025466,0.8938929297022279,0.07088690872975001,0.16622179052606775,0.09306995186130079,0.1762170370027505,-0.15474942420658172
0.3444087485101559,0.8946092147083575,0.07222064961293613,0.16502969449289312,0.0949401354359064,0.17385844507596435,-0.15815483915847145
0.3520004485788166,0.8953369941069586,0.07353144001546394,0.16381616728559734,0.09678744532641936,0.17145453220006776,-0.16154272255760355
0.3595617380267143,0.8960757367655623,0.07481863615998606,0.16258195476769347,0.09861104706063115,0.16900652219868723,-0.1649120119760364
0.3670900144770142,0.896824890462365,0.07608162176400349,0.16132783998108371,0.10041012657931539,0.16651570540858698,-0.16826164680610897
0.3745826664763242,0.8975838843015371,0.0773198125224833,0.16005463975225895,0.10218389608337493,0.1639834325880305,-0.17159057655230048
0.38203709685617715,0.898352131775929,0.07853266089793731,0.15876320019322365,0.10393160052039305,0.16141110666866237,-0.17489777072383314
0.3894507425910736,0.899129033726212,0.07971965994448885,0.15745439234252684,0.1056525229073274,0.15880017481005834,-0.17818222701962178
0.3968211010024493,0.8999139821973501,0.08088034774847377,0.15612910625149523,0.10734599077814073,0.15615211736362045,-0.18144298218329719
0.4041457467812096,0.9007063635600036,0.08201430996766342,0.15478824625110887,0.10901138012068913,0.15346843918024808,-0.18467911865558637
0.41142235053295806,0.9015055619578504,0.08312118223898003,0.15343272561060958,0.11064811933496758,0.15075065968757714,-0.18788977179397584
0.4186487003161498,0.902310963249669,0.08420065263323587,0.1520634602849574,0.11225569349982707,0.14800030110044993,-0.19107413831273568
0.4258227104008733,0.9031219576692139,0.08525246179911096,0.15068136476186994,0.11383364543469798,0.1452188807899203,-0.19423147900793875
0.43294243186958037,0.9039379427347018,0.08627640312086206,0.14928734741838187,0.11538157693301351,0.14240790262347083,-0.19736112225322
0.4400060703971014,0.9047583270426395,0.08727232359843864,0.14788230428553245,0.1168991512716843,0.1395688450208698,-0.20046247061306008
0.4470119801007827,0.905582531328063,0.08824012105344355,0.1464671174081429,0.11838609030076072,0.1367031582025048,-0.20353499692556223
0.453958669943419,0.90640999090525,0.08917974302431496,0.14504265078682047,0.11984217414911612,0.13381225650654827,-0.20657824592219032
0.46084481052703163,0.907240158140897,0.0900911855133046,0.14360974618540348,0.12126724081965236,0.13089751033703778,-0.20959183603056575
0.46766922185094234,0.9080725025745914,0.09097448909557337,0.14216922293159073,0.12266118172652384,0.12796024614831944,-0.21257545287987747
0.47443087664442396,0.9089065127915252,0.09182973711532227,0.14072187465099772,0.1240239404677573,0.1250017401427015,-0.21552884968232108
0.48112889025157646,0.9097416965614256,0.09265705211546356,0.13926846894965753,0.1253555088154969,0.12202321790650623,-0.21845184178965737
0.48776251671169024,0.9105775816063433,0.09345659312644602,0.13780974597248483,0.12665592401212442,0.11902585170380747,-0.2213443040265802
0.4943311398979864,0.9114137156339073,0.0942285524018059,0.1363464182047628,0.12792526512415625,0.11601076026258463,-0.22420616593554413
0.500834267629796,0.9122496666180726,0.09497315260682561,0.13487916981535275,0.1291636500540071,0.11297900757562926,-0.22703740839020856
0.5072715206206232,0.9130850222975879,0.09569064351066706,0.1334086573479587,0.1303712316436448,0.10993160444147136,-0.22983805803093169
0.5136426230136345,0.9139193897420504,0.0963812990208639,0.13193551028609438,0.13154819421766314,0.1068695097301226,-0.23260818246587978
0.5199473985443311,0.9147523955420594,0.09704541495284391,0.13046033050304595,0.1326947512705432,0.10379362930291763,-0.23534788798638429
0.5261857555103792,0.9155836844234986,0.0976833057252428,0.12898369448762406,0.1338111412047843,0.10070482068478988,-0.2380573124811837
0.5323576846458017,0.9164129194547282,0.09829530258010233,0.12750615275143568,0.13489762555995066,0.0976038918594287,-0.2407366240221534
0.5384632481607124,0.9172397809969469,0.0988817509990947,0.12602823145905886,0.13595448574362468,0.09449160468630803,-0.24338601566792686
0.5445025747236756,0.9180639663605711,0.09944300886174677,0.12455043280579155,0.1369820209423946,0.09136867569308083,-0.24600570290237292
0.5504758524742163,0.9188851891250234,0.09997944452143634,0.12307323599464597,0.13798054578347144,0.08823577811488376,-0.24859592026664198
0.5563833214298557,0.9197031783020474,0.10049143496110365,0.12159709850139126,0.138950388013244,0.0850935445493154,-0.25115691777483196
0.5622252679787947,0.9205176777200608,0.10097936426510416,0.12012245695067332,0.13989188663863933,0.08194256879646118,-0.25368895827608456
0.5680020205991547,0.9213284455272125,0.1014436222956957,0.11864972778148536,0.14080539035580877,0.07878340724794272,-0.2561923153857704
0.5737139449334301,0.9221352535595563,0.10188460340708384,0.11717930816087892,0.14169125595498602,0.07561658080449322,-0.2586672711713121
0.5793614405212666,0.9229378869019331,0.10230270537937827,0.1157115765524787,0.14254984706378282,0.07244257605270789,-0.26111411458781236
0.5849449352712862,0.9237361430927153,0.10269832826516072,0.11424689394117496,0.14338153261727535,0.06926184786046448,-0.26353313896237957
0.5904648811999286,0.9245298314707813,0.10307187343288471,0.11278560481131114,0.1441866856142609,0.06607482146236794,-0.26592464005313465
0.5959217557356931,0.9253187732983519,0.10342374304989739,0.11132803670060436,0.14496568274079932,0.06288189143722127,-0.2682889165424174
0.6013160528367246,0.9261028003964574,0.10375433894084675,0.10987450249889935,0.14571890256563805,0.05968342667603093,-0.2706262661375596
0.6066482856342528,0.926881755420598,0.10406406227601195,0.10842529973081289,0.14644672546069165,0.05647976876867601,-0.27293698668420946
0.6119189817851024,0.9276554910695309,0.1043533128291112,0.10698071181153743,0.14714953251500573,0.05327123470534113,-0.2752213741379713
0.6171286791939343,0.9284238693239807,0.10462248835158174,0.10554100926664298,0.14782770458825265,0.05005811954167107,-0.27747972071096744
0.6222779319440371,0.929186762180564,0.10487198451607875,0.10410644815534517,0.14848162273045545,0.046840692823726646,-0.2797123174576531
0.6273672971911164,0.9299440495675204,0.1051021939234219,0.10267727378198115,0.1491116661665427,0.0436192068246995,-0.2819194486207151
0.632397345477315,0.9306956207153309,0.10531350631702317,0.10125371792734868,0.14971821332375157,0.04039389028376637,-0.2841013961419405
0.637368650308762,0.9314413724476929,0.10550630783509068,0.09983600187952137,0.15030164026495818,0.03716495516447899,-0.2862584351921771
0.6422817928780207,0.9321812097197922,0.10568098098624866,0.09842433523115236,0.15086232103222547,0.03393259387940479,-0.28839083627838724
0.6471373572207949,0.9329150447248628,0.105837904247433,0.09701891739278046,0.15140062685852582,0.03069698266768347,-0.29049886320969637
0.6519359313953815,0.933642796900523,0.10597745192830248,0.0956199374031692,0.1519169261169391,0.02745828110379203,-0.2925827736839736
0.6566781087800688,0.9343643929581316,0.10609999402248689,0.0942275736871958,0.15241158426357057,0.0242166314414647,-0.2946428199339871
0.6613644804697543,0.9350797655562719,0.10620589585344449,0.09284199643589998,0.15288496287476025,0.020972164066314466,-0.2966792455129225
0.6659956419283879,0.935788854140465,0.10629551812729837,0.09146336581808638,0.15333742020860408,0.017724993267879248,-0.29869228827738686
0.6705721886410703,0.936491604111964,0.10636921670286971,0.09009183341532034,0.153769310618812,0.014475220497761279,-0.30068217859723245
0.6750947147788487,0.9371879664516487,0.10642734248592896,0.08872754279403886,0.15418098432857988,0.011222935658288512,-0.3026491388771763
0.6795638182245952,0.9378778983267372,0.10647024140563154,0.0873706281518516,0.1545727877824942,0.00796821378285628,-0.30459338584932383
0.6839800925604813,0.9385613616916005,0.10649825423647953,0.08602121689814815,0.15494506282367632,0.004711121094687094,-0.30651512719822155
0.6883441320265778,0.9392383238876584,0.10651171660051295,0.08467942832310232,0.15529814706434578,0.0014517117426024644,-0.30841456383013127
0.6926565297216716,0.9399087572054675,0.10651095888939366,0.08334537430267823,0.1556323736470513,-0.0018099706163563225,-0.31029188920567924
0.6969180442490568,0.94057266471463,0.10649630537130052,0.08201910744073597,0.15594808323546144,-0.005074020985629429,-0.31214736201989784
0.7011321760142626,0.9412304828920323,0.10646804993511214,0.08069981078664823,0.15624579863799268,-0.008342691830178755,-0.3139824282728411
0.7052995030024354,0.94188219868237,0.10642647696034829,0.07938756188579277,0.15652580646072328,-0.011616051507568873,-0.31579725491447763
0.7094205814413052,0.9425277997976099,0.10637186582516027,0.07808243850175438,0.15678838713929774,-0.014894163275967154,-0.3175919925279148
0.7134959636028692,0.9431672773521321,0.10630449088730956,0.07678451325245163,0.15703381627593307,-0.018177098548642478,-0.3193667831332389
0.717526196763085,0.9438006255670551,0.10622462152259848,0.07549385410024094,0.1572623645725583,-0.021464935755968098,-0.3211217597869938
0.7215118223486525,0.944427841505954,0.10613252218193933,0.07421052478874499,0.15747429779806693,-0.024757759308475548,-0.3228570462622911
0.7254533769664081,0.9450489251098669,0.10602845241510997,0.07293458467350962,0.15766987686641487,-0.028055660099052904,-0.3245727575478072
0.7293513931112767,0.9456638791862751,0.10591266688671311,0.07166608864300548,0.157849357881031,-0.03135873580331362,-0.3262690002052421
0.7332063968264291,0.9462727089204804,0.10578541548603289,0.0704050880283652,0.15801299204228647,-0.03466708860174455,-0.32794587139912823
0.7370189107173666,0.9468754222347542,0.10564694328215504,0.06915162976836847,0.1581610258059499,-0.037980827438906184,-0.3296034602550223
0.7407894499123865,0.9474720290368974,0.10549749071251549,0.06790575787732206,0.15829370074286342,-0.04130006423953536,-0.3312418461481415
0.7445185271660929,0.9480625419171108,0.10533729344578868,0.06666751190585549,0.15841125376050208,-0.04462491806305885,-0.3328611009657318
0.7482066475450561,0.948646975200287,0.10516658264436374,0.06543692883305244,0.15851391694332947,-0.04795551014289116,-0.3344612868400416
0.7518543122548885,0.9492253454477944,0.10498558486575288,0.06421404193461333,0.15860191771618395,-0.051291966979555924,-0.3360424578516968
0.7554620166578547,0.9497976710426933,0.10479452220643054,0.06299888157253829,0.15867547881674413,-0.05463441828774698,-0.3376046592081545
0.7590302525003554,0.9503639724451662,0.10459361224274358,0.061791474572661834,0.15873481837611417,-0.05798299878367932,-0.33914792824543316
0.7625595040217964,0.9509242714800722,0.10438306830371555,0.06059184566304318,0.15878014988357764,-0.06133784428396944,-0.34067229277971867
0.7660502527931273,0.9514785920126464,0.10416309925865254,0.059400015957904236,0.15881168230369705,-0.06469909598241717,-0.34217777323344745
0.7695029729213996,0.9520269590978119,0.10393390986415316,0.05821600470574047,0.15882962005257711,-0.06806689563091121,-0.3436643805959521
0.7729181337915596,0.9525693993287366,0.10369570067060993,0.057039828476242366,0.15883416308151824,-0.07144138785776337,-0.34513211763960894
0.776296201648245,0.9531059410041267,0.10344866796115534,0.05587150072205301,0.1588255069039839,-0.07482272152624819,-0.3465809796250553
0.7796376366496736,0.9536366135787714,0.10319300401351578,0.054711032900201,0.1588038426246792,-0.07821104659944533,-0.34801095305946456
0.7829428946901671,0.9541614478739615,0.10292889703343369,0.05355843395021439,0.15876935697990366,-0.08160651570672317,-0.3494220165029549
0.7862124256019446,0.954680475715368,0.10265653135962925,0.05241371102445039,0.15872223239533464,-0.08500928206354526,-0.35081413982236703
0.7894466738574636,0.955193729970571,0.1023760874851599,0.051276869350397054,0.15866264703695496,-0.08841949989967549,-0.35218728451608644
0.7926460795163124,0.9557012446276183,0.102087742042771,0.05014791199817781,0.15859077484052608,-0.09183732520629093,-0.35354140413641943
0.7958110758297423,0.9562030543456806,0.10179166808991871,0.04902684082422396,0.15850678561468157,-0.09526291292101663,-0.35487644329537216
0.7989420925474504,0.9566991949125225,0.10148803488092893,0.04791365540071827,0.15841084501757038,-0.09869642020186442,-0.35619233908300285
0.8020395547484465,0.9571897029937997,0.10117700802886154,0.0468083535167249,0.1583031146180684,-0.1021380049779878,-0.3574890205839802
0.8051038829250922,0.9576746160833033,0.10085874955964892,0.045710931237011365,0.15818375193527803,-0.10558782582002621,-0.35876640892463896
0.8081354913774306,0.9581539721881143,0.10053341814924892,0.04462138356661547,0.15805291055332593,-0.10904603987700555,-0.36002441661810636
0.8111347899343702,0.9586278100424522,0.10020116902034382,0.04353970392359125,0.15791074011326758,-0.11251280453625197,-0.361262948298349
0.814102184695943,0.9590961691677118,0.09986215391733502,0.04246588395170223,0.1577573863150675,-0.11598827808225609,-0.36248190103214917
0.8170380758924338,0.9595590894792718,0.09951652141067378,0.04139991437455356,0.1575929910688143,-0.11947261697960555,-0.3636811634449865
0.8199428592877913,0.960016611455193,0.09916441681051429,0.040341784570209836,0.15741769248084017,-0.12296597724282553,-0.3648606163110872
0.8228169265702405,0.9604687761461141,0.09880598217950738,0.039291482504662724,0.1572316248721468,-0.1264685146928078,-0.36602013271589723
0.825660664161587,0.9609156249381068,0.0984413565432427,0.03824899524158536,0.15703491890016555,-0.12998038328320888,-0.36715957757983175
0.8284744543795214,0.9613571996876635,0.09807067581198747,0.037214308592042694,0.15682770153465472,-0.13350173627074524,-0.3682788081343347
0.8312586731940174,0.961793542323556,0.09769407314494799,0.036187408012798856,0.15661009627729844,-0.13703272314862897,-0.3693776730387294
0.8340136950345891,0.9622246955559538,0.09731167837128052,0.03516827690568838,0.15638222284422032,-0.1405734954695187,-0.3704560142890571
0.8367398874784143,0.9626507020005066,0.09692361876767214,0.034156898643796334,0.1561441976243561,-0.14412419989027125,-0.3715136651224377
0.8394376147500686,0.9630716046851301,0.09653001864791377,0.03315325534735301,0.1558961334546728,-0.14768498237028335,-0.3725504514025915
0.8421072360669842,0.9634874467510443,0.0961309996577458,0.032157328561572864,0.15563813980937674,-0.15125598579005184,-0.3735661909795836
0.8447491064659667,0.9638982715432625,0.09572668072120316,0.031169099013993798,0.15537032277919513,-0.15483735077469687,-0.37456069401728076
0.8473635762676127,0.9643041224899755,0.09531717818530445,0.030188546876938678,0.15509278517617728,-0.1584292147167945,-0.37553376279840506
0.8499509919401337,0.9647050432008609,0.09490260574979963,0.029215651504898767,0.15480562649630605,-0.1620317126957903,-0.37648519205658715
0.8525116950001599,0.9651010772619636,0.09448307470367052,0.028250391906537425,0.15450894309033622,-0.16564497569911832,-0.37741476857872736
0.8550460242474168,0.9654922685479457,0.09405869362138972,0.027292745960268785,0.15420282795710227,-0.1692691335121645,-0.37832227202647545
0.8575543115906733,0.9658786605452679,0.09362956911889518,0.02634269204672603,0.15388737129348465,-0.1729043085084543,-0.37920747344693706
0.8600368876673933,0.966260297188492,0.09319580497179285,0.025400206979826267,0.15356265986517623,-0.17655062342847502,-0.3800701372950757
0.8624940761278638,0.9666372219499884,0.09275750315368304,0.024465268225217635,0.15322877777781146,-0.18020819282523823,-0.3809100194321378
0.8649261989106755,0.9670094786226181,0.09231476297900865,0.023537851950863123,0.15288580584567185,-0.18387713051491697,-0.38172686898227676
0.8673335727009132,0.9673771107478837,0.09186768178388807,0.02261793442315676,0.15253382211103914,-0.18755754408452413,-0.38252042712487655
0.8697165096992481,0.9677401617085545,0.09141635486078029,0.02170549176678025,0.15217290181066703,-0.19124953568585096,-0.3832904274005885
0.8720753191079448,0.9680986749296717,0.09096087523674501,0.020800499444264,0.15180311720568126,-0.19495320404665512,-0.38403659621897046
0.8744103057851798,0.9684526936485175,0.09050133398147013,0.019902932817369608,0.15142453783194462,-0.1986686421250567,-0.3847586524429137
0.876721770436968,0.9688022609208546,0.09003782023425946,0.01901276712071161,0.15103723053316506,-0.20239593708241904,-0.3854563074928028
0.8790100095364796,0.9691474195867058,0.08957042128322688,0.01812997753866999,0.1506412595373968,-0.20613516982292515,-0.3861292653696844
0.8812753166122305,0.9694882124429981,0.08909922235929126,0.017254538752040575,0.15023668628966583,-0.20988641679501777,-0.3867772230752042
0.8835179807024159,0.9698246819894389,0.08862430700685388,0.016386425576550703,0.1498235697729096,-0.21364974716774188,-0.3873998701987584
0.8857382874101465,0.9701568705676991,0.08814575692408004,0.015525612597103099,0.14940196638127937,-0.2174252242452807,-0.3879968892769533
0.8879365175098107,0.9704848201340546,0.08766365232130383,0.014672074748698439,0.14897193024535646,-0.22121290276661598,-0.38856795548016654
0.8901129500058299,0.9708085726978664,0.08717807130956105,0.01382578616857811,0.1485335126976588,-0.22501283383022658,-0.3891127374782759
0.8922678586496264,0.9711281697841068,0.0866890907165478,0.01298672158633056,0.148086763008139,-0.22882505858336857,-0.38963089659625927
0.894401514309826,0.9714436527701167,0.08619678562066249,0.012154855440597705,0.14763172797865176,-0.23264961197906658,-0.3901220875017919
0.8965141831602204,0.9717550626012958,0.0857012298200885,0.011330162621110192,0.14716845238465473,-0.23648651921078606,-0.39058595786140726
0.8986061296905361,0.9720624402201147,0.08520249518476763,0.010512617329000646,0.14669697838286871,-0.24033580081199618,-0.3910221491021044
0.9006776138733524,0.9723658261328998,0.08470065236614618,0.00970219421580303,0.14621734618136414,-0.24419746721591867,-0.3914302958615278
0.9027288919452487,0.9726652605121394,0.08419577067611513,0.008898868112675012,0.1457295939455025,-0.2480715197666984,-0.3918100262894895
0.904760216748743,0.9729607832335351,0.08368791805886053,0.008102613928866995,0.1452337577859053,-0.25195795098830004,-0.3921609622347046
0.9067718383490047,0.973252433952537,0.08317716098473873,0.007313406440655709,0.14472987166594165,-0.25585674543098197,-0.3924827194599329
0.9087640032826488,0.9735402519824004,0.08266356468529214,0.006531220615587007,0.1442179676432259,-0.2597678778997624,-0.39277490762725925
0.9107369542152165,0.9738242762339197,0.08214719329834652,0.005756031776642671,0.14369807603326676,-0.26369131237965576,-0.3930371304056796
0.9126909316258699,0.9741045454471692,0.08162810947897114,0.004987814968668395,0.1431702250348891,-0.26762700500844755,-0.39326898584811687
0.9146261718754941,0.9743810979026901,0.08110637495308992,0.004226545744641553,0.14263444130392014,-0.2715748998765416,-0.39347006628565545
0.916542908675381,0.9746539716226721,0.08058205018009518,0.003472199614919614,0.14209074963091703,-0.2755349315897623,-0.39363995868186724
0.9184413724876219,0.9749232042752494,0.08005519455899908,0.0027247523084202446,0.14153917316951517,-0.27950702369898195,-0.3937782447327201
0.9203217909866168,0.9751888332309405,0.07952586634827857,0.001984179615604846,0.14097973337235836,-0.2834910892908206,-0.3938845010875692
0.9221843882438745,0.975450895438847,0.07899412294198374,0.0012504577333068473,0.1404124503034035,-0.28748702888882255,-0.39395829949892
0.9240293865413041,0.9757094276737569,0.07846002039947117,0.0005235625734248758,0.1398373421587149,-0.29149473396208664,-0.39399920710652614
0.9258570042707341,0.9759644662325146,0.07792361408834436,-0.0001965293875449886,0.13925442597395704,-0.29551408206047663,-0.3940067865626514
0.9276674573359381,0.9762160471239018,0.0773849583290864,-0.0009098416394651779,0.1386637172700277,-0.299544939449087,-0.39398059631714305
0.9294609632375582,0.9764642066245318,0.07684410519161212,-0.00161639922716774,0.13806522873447866,-0.30358717004932767,-0.3939201906464821
0.9312377339839251,0.9767089802843663,0.07630110663025919,-0.002316225936711648,0.1374589725748227,-0.30764061940602494,-0.3938251199135069
0.9329979772078049,0.9769504030812661,0.07575601423333976,-0.0030093447162878226,0.13684496029992402,-0.31170511654071137,-0.3936949309928936
0.9347418984492087,0.9771885097310173,0.07520887857785695,-0.003695778557101965,0.13622320203566848,-0.31578047872250403,-0.393529167472106
0.9364697003803975,0.9774233345747741,0.07465974950684233,-0.004375550170440798,0.1355937068642548,-0.31986650934154326,-0.3933273699744461
0.9381815833710829,0.9776549116507188,0.07410867599169634,-0.0050486821931240156,0.1349564826980784,-0.323962998875362,-0.393089076397831
0.9398777452763052,0.9778832746596,0.07355570623587114,-0.005715197087577457,0.13431153642807725,-0.3280697240549649,-0.39281382222972844
0.941558381183696,0.9781084569260712,0.0730008877974495,-0.006375117026966943,0.13365887410068786,-0.33218644689308174,-0.39250114091606525
0.9432236841670067,0.9783304914952774,0.07244426737975979,-0.007028464176207824,0.13299850070681077,-0.33631291617554604,-0.39215056406143783
0.944873845534654,0.9785494111600365,0.0718858907754459,-0.007675260774283162,0.1323304201426993,-0.34044886780749106,-0.3917616216608233
0.946509053921971,0.9787652483351272,0.07132580320293225,-0.008315528763910684,0.1316546356430591,-0.3445940222546416,-0.3913338426238824
0.9481294956379435,0.9789780350999142,0.07076404922810925,-0.00894928991443685,0.13097114972803275,-0.34874808506338795,-0.3908667550794399
0.9497353550527868,0.9791878032452671,0.07020067266316046,-0.009576565960515572,0.1302799641175959,-0.35291074754761353,-0.3903598866310521
0.9513268148058774,0.9793945842959432,0.06963571652000533,-0.010197378670195052,0.12958107970794439,-0.35708168707038396,-0.38981276462962255
0.9529040548911734,0.9795984093877432,0.06906922336416342,-0.010811749475852325,0.128874497046834,-0.3612605643735288,-0.38922491685948923
0.9544672534613193,0.9797993093691427,0.06850123506359745,-0.011419699776825562,0.12816021606711214,-0.3654470253803898,-0.38859587168511905
0.9560165875428706,0.9799973148885027,0.0679317925503722,-0.012021251205284264,0.12743823582153008,-0.3696407028984853,-0.38792515811295225
0.9575522318702094,0.9801924562400655,0.06736093626769984,-0.012616425161043603,0.1267085550827572,-0.37384121327597297,-0.38721230663574363
0.9590743588653053,0.9803847633596581,0.06678870621326823,-0.013205242794505797,0.12597117244924427,-0.37804815604615905,-0.3864568497238152
0.9605831397193131,0.9805742659588033,0.06621514156203764,-0.013787725415407905,0.12522608590585893,-0.3822611166666547,-0.3856583217401008
0.9620787436991679,0.9807609934333394,0.06564028094780457,-0.014363894213863308,0.12447329322746925,-0.3864796644171049,-0.3848162596852764
0.9635613378234761,0.9809449748210991,0.06506416261810027,-0.014933770126988056,0.1237127922328002,-0.39070335124280625,-0.3839302038702348
0.9650310887705069,0.9811262390357888,0.06448682371588763,-0.015497374562810785,0.1229445798821311,-0.394931717004358,-0.38299969722268906
0.966488160379081,0.9813048145538947,0.06390830127207989,-0.01605472843020832,0.12216865363346671,-0.39916428219192607,-0.3820242872268695
0.9679327152472937,0.9814807296108485,0.0633286316085127,-0.01660585274497115,0.12138501070505876,-0.4034005523039,-0.38100352545193966
0.9693649140817221,0.9816540121187037,0.06274785061738397,-0.01715076837220475,0.12059364849924781,-0.40764001581163306,-0.37993696846010444
0.9707849164732169,0.9818246897580217,0.06216599346972683,-0.01768949631366265,0.11979456425751786,-0.4118821463079097,-0.37882417773187266
0.9721928800115859,0.9819927898686147,0.061583094995436086,-0.01822205736296238,0.11898775563030567,-0.41612639976270277,-0.37766472082353714
0.9735889606707773,0.9821583394949258,0.06099918955181702,-0.01874847224558923,0.11817322055561193,-0.42037221552764065,-0.37645817162699596
0.9749733131295425,0.9823213654222083,0.06041431090978654,-0.01926876173251686,0.11735095715445741,-0.4246190172164117,-0.375204110611874
0.9763460905347797,0.9824818941463925,0.05982849237097456,-0.019782946543402832,0.11652096394767873,-0.428866211916763,-0.3739021255400983
0.9777074441460942,0.9826399518315857,0.05924176694235378,-0.020291047207690663,0.1156832401632174,-0.4331131890062736,-0.37255181237339063
0.9790575236368714,0.9827955643449756,0.058654167232842724,-0.02079308417278334,0.11483778565376847,-0.4373593210016047,-0.37115277559449283
0.980396477601253,0.9829487573139108,0.058065725251349946,-0.02128907798641808,0.11398460066451727,-0.44160396512512834,-0.36970462823629957
0.9817244523967857,0.9830995559922983,0.057476472933980845,-0.021779048862153243,0.11312368665706656,-0.4458464596248429,-0.36820699369867205
0.9830415931676383,0.9832479853779617,0.05688644171928745,-0.022263017055244857,0.11225504576208092,-0.4500861269870755,-0.36665950528808705
0.9843480432443621,0.9833940701440829,0.05629566283507331,-0.022741002637045184,0.11137868126323708,-0.4543222720327528,-0.365061807506524
0.9856439443271112,0.9835378346605559,0.05570416724120923,-0.023213025560293605,0.11049459758455799,-0.4585541825151775,-0.36341355651008406
0.986929436441444,0.9836793029896623,0.05511198567303106,-0.02367910564097938,0.10960280042609015,-0.46278112901406465,-0.361714420834151
0.9882046577995676,0.9838184988719123,0.054519148729997316,-0.024139262507204638,0.10870329697154037,-0.46700236453148314,-0.35996408227692
0.9894697450748793,0.9839554457573993,0.05392568677306843,-0.024593515698192524,0.10779609580850252,-0.4712171254746741,-0.35816223623951565
0.9907248333003775,0.9840901667956686,0.053331629993911965,-0.025041884626959724,0.10688120710723617,-0.4754246314333994,-0.35630859255814973
0.9919700551797638,0.984222684764105,0.05273700876830314,-0.025484388336540435,0.10595864324660055,-0.4796240829828898,-0.35440287729344766
0.9932055419369492,0.9843530221619398,0.052141853282465296,-0.025921045807128593,0.10502841832356545,-0.48381466466686357,-0.35244483227622087
0.9944314229730106,0.9844812011756174,0.051546193719864214,-0.02635187583623556,0.104090548522381,-0.4879955440306513,-0.35043421637692607
0.9956478257713871,0.9846072436718886,0.05095006033431063,-0.026776897010090294,0.10314505231525768,-0.49216587149838636,-0.34837080646975116
0.9968548759814945,0.9847311712098885,0.05035348343670321,-0.027196127738815377,0.10219195052915493,-0.49632478088884974,-0.3462543981211712
0.9980526971734945,0.9848530050196652,0.04975649354405276,-0.027609586178242246,0.101231266673126,-0.5004713888326838,-0.3440848068643118
0.9992414111908124,0.9849727660422708,0.04915912123273364,-0.02801729036016268,0.10026302679418654,-0.5046047962851414,-0.341861868432296
1.0004211377384025,0.9850904748921424,0.04856139737150679,-0.028419258059257862,0.09928725994424306,-0.5087240874339096,-0.33958544037156413
1.0015919946917107,0.9852061518929491,0.04796335299482292,-0.02881550690958503,0.09830399806873957,-0.5128283311411639,-0.33725540235249885
1.0027540977594485,0.9853198170489534,0.047365019502180826,-0.029206054301332645,0.09731327642703308,-0.5169165801737355,-0.3348716577179635
1.0039075609264185,0.9854314900937186,0.046766428458973115,-0.029590917542653125,0.09631513335851845,-0.5209878732078134,-0.332434133486414
1.0050524959599336,0.9855411904471252,0.04616761187773751,-0.02997011370701863,0.09530961084272407,-0.5250412335865273,-0.3299427822577388
1.0061890125625252,0.9856489372365085,0.04556860216902604,-0.030343659700450946,0.09429675451681391,-0.5290756703878786,-0.32739758283637177
1.007317218874519,0.985754749349722,0.044969431901513236,-0.030711572441144683,0.09327661336177556,-0.5330901807951864,-0.3247985399774336
1.0084372202135377,0.985858645322668,0.04437013449640873,-0.031073868464133396,0.09224924097671489,-0.5370837462432237,-0.3221456881653169
1.0095491210333605,0.9859606435284531,0.043770743209607464,-0.031430564575410144,0.09121469393412064,-0.5410553400694822,-0.3194390879358971
1.0106530233213196,0.9860607620334314,0.043171292007534515,-0.03178167734736707,0.09017303336276562,-0.5450039225335522,-0.3166788304385568
1.0117490272618415,0.9861590186653654,0.0425718152365004,-0.032127223352568006,0.0891243244715274,-0.5489284439517254,-0.31386503672655025
1.0128372315797207,0.9862554310494084,0.04197234745270797,-0.03246721928778919,0.08806863633074453,-0.5528278467491186,-0.3109978576214117
1.0139177325019848,0.9863500165218625,0.041372924012636855,-0.03280168166720093,0.08700604299067322,-0.556701062606727,-0.3080774771979719
1.0149906251890117,0.9864427922629109,0.04077358030268051,-0.033130627287894614,0.08593662220163208,-0.5605470185018658,-0.3051041097446129
1.0160560027501753,0.9865337752153467,0.04017435229817668,-0.03345407294101284,0.0848604564717569,-0.5643646341381519,-0.30207800305349286
1.0171139572723633,0.9866229821783942,0.03957527600072932,-0.03377203574300369,0.0837776321256088,-0.5681528266295691,-0.2989994361619185
1.018164579015362,0.9867104297433869,0.038976387899812066,-0.034084532906033665,0.08268824018854727,-0.5719105086532253,-0.2958687221588189
1.0192079571748762,0.9867961343626926,0.03837772454949756,-0.03439158198260738,0.08159237567366362,-0.5756365922527373,-0.2926862064567876
1.0202441796767872,0.986880112335741,0.03777932268864205,-0.03469320081558922,0.08049013783895959,-0.5793299892011584,-0.28945226776186095
1.0212733326319623,0.9869623797695172,0.03718121956296544,-0.03498940739514505,0.07938163082327315,-0.582989610195446,-0.28616732018473984
1.0222955018932838,0.9870429527072965,0.036583452025172,-0.03528022032130675,0.0782669620134924,-0.5866143715575365,-0.28283180860751317
1.023310772500989,0.9871218470841047,0.035986056846940055,-0.0355656586453272,0.0771462426257248,-0.5902031944105911,-0.27944621045561546
1.024319228351837,0.9871990787029007,0.0353890709097423,-0.03584574178357412,0.07601958807317125,-0.5937550046894413,-0.276011036888162
1.025320952696636,0.987274663275047,0.03479253090750948,-0.0361204896638188,0.07488711741201008,-0.5972687360927145,-0.27252683117063187
1.026316027920005,0.9873486164044782,0.034196473469554664,-0.036389922667855276,0.07374895356674052,-0.6007433305027668,-0.26899416935671033
1.0273045365633697,0.9874209536636319,0.03360093453664189,-0.03665406190839141,0.07260522211978149,-0.6041777427414055,-0.265413656465576
1.0282865604571387,0.9874916905272145,0.033005949864658594,-0.03691292898839462,0.07145605223869146,-0.6075709386959859,-0.2617859292180832
1.0292621817414835,0.9875608424446671,0.0324115543922321,-0.03716654626601948,0.07030157541847955,-0.6109219000026603,-0.25811165191470614
1.0302314820076923,0.9876284247755661,0.031817782742258244,-0.037414936618224884,0.06914192639835894,-0.614229622194296,-0.2543915191019272
1.0311945430865284,0.9876944528428884,0.031224668723698227,-0.03765812363545329,0.06797724213731249,-0.6174931185057682,-0.25062625205927896
1.0321514469096633,0.9877589419187907,0.030632245393447836,-0.03789613156897838,0.06680766186156466,-0.6207114204377275,-0.24681659862081534
1.0331022762074145,0.9878219072661686,0.030040544599600944,-0.03812898548359709,0.06563332607943038,-0.6238835810877368,-0.2429633295892572
1.0340471129655593,0.987883364030771,0.029449597917176627,-0.03835671085733723,0.06445437834860665,-0.627008670945942,-0.23906724412725786
1.034986040736348,0.9879433273880132,0.02885943518487888,-0.03857933412249901,0.06327096227425795,-0.6300857864962627,-0.23512915945961618
1.0359191426862577,0.9880018124086346,0.028270085698949038,-0.038796882165698335,0.06208322378210218,-0.6331140445804733,-0.2311499178871815
1.0368465034850587,0.9880588341720653,0.027681577000172885,-0.03900938274570314,0.060891308573718946,-0.6360925893590222,-0.22713037780293283
1.0377682079897261,0.9881144076748776,0.027093935676163722,-0.03921686414974166,0.05969536361761617,-0.6390205887093796,-0.22307141811028622
1.0386843418864473,0.9881685478631171,0.026507186931250874,-0.039419355309316735,0.058495536159003395,-0.6418972369532228,-0.21897393433557175
1.0395949915179643,0.988221269613275,0.02592135467155499,-0.03961688572426648,0.057291973762847045,-0.6447217548732607,-0.21483883817650237
1.0405002444129328,0.9882725877538029,0.02533646113976867,-0.039809485537917785,0.056084823428335595,-0.6474933918415049,-0.210667053841621
1.0414001885013826,0.9883225170106223,0.024752527396916482,-0.03999718532664101,0.05487423244116663,-0.6502114238101804,-0.20645952034732246
1.0422949129332537,0.9883710720442895,0.024169572771823692,-0.040180016232355585,0.053660347097114085,-0.6528751561702044,-0.20221718646318065
1.043184507987009,0.98841826743343,0.023587614895400674,-0.04035800989320973,0.052443312620307714,-0.6554839236808827,-0.19794100972917772
1.0440690643318538,0.9884641176256699,0.023006670163582047,-0.04053119825039553,0.05122327398549515,-0.6580370884973354,-0.19363195867927757
1.0449486734346083,0.9885086369511645,0.022426753457113615,-0.04069961358991252,0.050000375194181025,-0.6605340415585225,-0.18929100966498658
1.0458234285046122,0.9885518396593703,0.02184787749997182,-0.040863288672633134,0.04877475776955597,-0.66297420528253,-0.18491914082065586
1.0466934228909515,0.9885937398277035,0.021270053901052983,-0.04102225637886831,0.047546562805064585,-0.6653570289916368,-0.18051733865852176
1.0475587510480397,0.9886343514009462,0.02069329250588967,-0.04117654984681104,0.046315929453186744,-0.6676819915911804,-0.17608659204259908
1.0484195086820098,0.9886736881866055,0.020117601285202198,-0.041326202444345254,0.04508299453554093,-0.6699486017487654,-0.17162789009466373
1.0492757923308151,0.9887117638243559,0.019542986604157188,-0.041471247641715725,0.04384789296977309,-0.6721563965103394,-0.16714222305845852
1.0501276978814278,0.9887485917133149,0.01896945421592324,-0.04161171872218162,0.042610759776416963,-0.6743049373384282,-0.16263058899921592
1.0509753233901522,0.9887841851283965,0.018397007365017235,-0.041747649213051165,0.0413717258654835,-0.676393817087216,-0.15809397787725163
1.051818767369656,0.9888185571338205,0.017825647932279313,-0.04187907254386241,0.04013092035798764,-0.6784226551706304,-0.153533379341889
1.0526581290908859,0.9888517205877543,0.017255376232190714,-0.042006022051168546,0.03888847001981562,-0.680391097937322,-0.1489497800755615
1.0534935083441845,0.9888836881244049,0.01668619117720139,-0.04212853089698145,0.037644499493244096,-0.682298817668192,-0.14434416407155717
1.0543250054820927,0.9889144721482095,0.01611809025373991,-0.04224663203322856,0.03639913112481269,-0.6841455122313141,-0.13971751144999633
1.0551527208857847,0.9889440848075178,0.015551069894636258,-0.04236035808733095,0.035152485668183665,-0.6859309034525961,-0.13507080054907117
1.0559767563192215,0.9889725380363494,0.014985124560517133,-0.04246974150909729,0.033904680153675246,-0.6876547395420839,-0.13040499947643686
1.0567972137042179,0.9889998435018736,0.01442024758654874,-0.0425748143557299,0.03265582963573664,-0.6893167918100377,-0.12572107210085456
1.057614195337735,0.989026012606446,0.013856431046764166,-0.042675608286024666,0.031406046794486484,-0.6909168546075741,-0.12101997610356904
1.0584278037669146,0.9890510564777932,0.01329366585451181,-0.04277215450910033,0.03015544206122079,-0.6924547445160203,-0.11630266300293388
1.0592381416524943,0.9890749859599018,0.012731941873381253,-0.04286448373585523,0.02890412377414894,-0.6939302995406107,-0.1115700783219134
1.060045312930481,0.9890978116409384,0.012171247127716547,-0.0429526262735466,0.027652196328298722,-0.695343380566216,-0.10682315416931097
1.06084941998525,0.9891195437672536,0.01161156978354425,-0.04303661168072026,0.026399764511979545,-0.6966938657401044,-0.1020628252817297
1.0616505672203278,0.9891401923396251,0.011052895687954378,-0.043116469125956236,0.02514692793387594,-0.6979816561046882,-0.0972900075246871
1.0624488578216886,0.9891597670201201,0.0104952106414617,-0.04319222701537132,0.02389378603019521,-0.6992066694716688,-0.09250561656081423
1.0632443963643696,0.9891782771957052,0.009938498603178397,-0.0432639132261606,0.02264043397174649,-0.7003688440204886,-0.08771055193593891
1.0640372858023148,0.9891957319022512,0.009382743818415187,-0.04333155480029105,0.021386967383182215,-0.7014681331575113,-0.08290571480270632
1.0648276306254745,0.989212139895467,0.00882792863453916,-0.04339517820734669,0.020133477367122562,-0.7025045095730701,-0.07809198860294093
1.065615534849566,0.9892275096006538,0.008274034932688136,-0.04345480913844946,0.01888005367028977,-0.7034779616835123,-0.0732702509061452
1.0664011020031712,0.9892418491129095,0.0077210441657002875,-0.04351047249577989,0.017626784723803766,-0.7043884932222414,-0.06844137333930105
1.0671844363664187,0.9892551662180489,0.0071689365136482315,-0.04356219246299088,0.016373755682330036,-0.7052361241491186,-0.06360621380129547
1.0679656415797831,0.9892674683645706,0.006617691890447779,-0.04360999238601249,0.015121050659990991,-0.7060208884502405,-0.05876562485462685
1.0687448206576784,0.9892787626656914,0.00606728996495292,-0.04365389477087633,0.013868752743520707,-0.7067428338377543,-0.05392045359736503
1.0695220773878447,0.9892890559188858,0.0055177092016249814,-0.04369392135008993,0.01261694177295953,-0.7074020225761208,-0.0490715328911082
1.0702975152619751,0.9892983545869828,0.004968927643991996,-0.043730093000041007,0.011365696086853313,-0.7079985298562217,-0.04421968792516222
1.0710712372033016,0.9893066647954804,0.0044209231380641515,-0.04376242972180204,0.010115093002793514,-0.7085324432035429,-0.03936573792736267
1.071843345881196,0.9893139923372323,0.0038736731404828825,-0.04379095065106463,0.00886520835362723,-0.7090038623654948,-0.034510494223898756
1.0726139443256495,0.9893203426771795,0.003327154313034232,-0.043815674068737584,0.007616115534925475,-0.709412899211104,-0.029654756397878686
1.0733831345198779,0.9893257209397271,0.002781343551059408,-0.043836617344431596,0.00636788783153166,-0.7097596765205307,-0.02479932120309602
1.0741510182399616,0.9893301319182892,0.0022362174194493715,-0.04385379696668993,0.005120597109606608,-0.7100443282097776,-0.019944977370000644
1.0749176980331112,0.9893335800792008,0.0016917514883830465,-0.043867228551777195,0.0038743122763472654,-0.7102669992045051,-0.015092499496128339
1.0756832745887848,0.9893360695489563,0.0011479222308196754,-0.04387692678797416,0.0026291036055963524,-0.7104278442470281,-0.01024266478445076
1.076447849739452,0.9893376041290033,0.0006047049224894519,-0.04388290548766172,0.0013850379160378053,-0.7105270284933445,-0.005396234177998527
1.0772115231143473,0.9893381872873444,0.00006207604965782288,-0.04388517754952886,0.00014218407031196486,-0.7105647266243906,-0.0005539736906356417
1.0779743963177233,0.9893378221669344,-0.00047998962882428236,-0.0438837549866674,-0.0010993937661489888,-0.7105411230544463,0.004283371935769107
1.0787371141812752,0.9893365103062649,-0.0010219035869912328,-0.04387864393787676,-0.002340516686128164,-0.710456328921621,0.009118509503400731
1.0795006459107763,0.9893342490533424,-0.0015643076504808315,-0.043869834591793506,-0.0035825331215440983,-0.7103102148743612,0.013956199320967734
1.0802650906311608,0.9893310353137852,-0.002107225111129151,-0.04385731579343695,-0.004825374194107645,-0.7101026536135387,0.018795677356601842
1.0810305480929907,0.9893268656708019,-0.0026506793906375874,-0.04384107551577533,-0.006068970767620417,-0.7098335279233937,0.023636176406394094
1.081797118362074,0.9893217363843628,-0.0031946937903151893,-0.04382110086103958,-0.007313252890815479,-0.7095027309031035,0.028476924019031347
1.0825649015756065,0.9893156433922273,-0.0037392912883502443,-0.04379737806970371,-0.008558149351103151,-0.7091101663281594,0.033317140861227224
1.083333998274042,0.989308582307261,-0.0042844947456844576,-0.04376989251545534,-0.009803588164366295,-0.7086557487820676,0.038156042731210774
1.0841045092932373,0.989300548417246,-0.004830326799670235,-0.04373862871031546,-0.011049496351735182,-0.7081394039581673,0.04299283980314819
1.0848765353431096,0.989291536689465,-0.005376809536213391,-0.043703570328766844,-0.012295799213730745,-0.7075610692760023,0.04782673393290707
1.08565017800691,0.9892815417593144,-0.005923965167851482,-0.043664700170175354,-0.013542421901019574,-0.7069206934797249,0.052656924882007385
1.0864255388197226,0.989270557939965,-0.006471815351609379,-0.043622000203550094,-0.014789287883182865,-0.7062182375956403,0.05748260451122297
1.0872027193225353,0.9892585792233889,-0.007020381198883557,-0.043575451579103364,-0.01603631900117318,-0.7054536753384107,0.06230295713932435
1.0879818213758656,0.9892455992766134,-0.007569683468412474,-0.043525034621688954,-0.017283435937386828,-0.7046269932172228,0.06711716152234365
1.0887629467897073,0.9892316114484152,-0.008119742276895534,-0.043470728865222456,-0.018530557591519562,-0.703738191311297,0.07192438861301254
1.0895461979526673,0.9892166087591407,-0.008670577514129743,-0.04341251302197694,-0.01977760205782143,-0.7027872829735538,0.07672380551021028
1.0903316769448985,0.9892005839178145,-0.009222208190857435,-0.04335036505821665,-0.02102448518534107,-0.701774296268359,0.0815145701035885
1.0911194863128177,0.9891835293089923,-0.009774652956759047,-0.0432842621527776,-0.022271121792806263,-0.7006992734873381,0.08629583595800513
1.0919097280973162,0.9891654370150114,-0.01032792939224251,-0.043214180793288606,-0.023517424114457827,-0.6995622728991485,0.09106674656989719
1.0927025048793884,0.9891462987956657,-0.010882054716295353,-0.043140096707696175,-0.0247633034465531,-0.6983633678076877,0.0958264419210922
1.0934979190565288,0.9891261061061976,-0.011437045254207827,-0.04306198494463606,-0.02600866899845609,-0.6971026480185127,0.10057405432415209
1.094296072683489,0.98910485010543,-0.011992916303884871,-0.042979819915790966,-0.0272534276519524,-0.6957802206646843,0.10530870778743176
1.095097068500989,0.9890825216313491,-0.012549682829271132,-0.04289357531275623,-0.028497485573697044,-0.6943962089991951,0.11002952443325027
1.0959010080960345,0.9890591112544272,-0.013107358158250995,-0.04280322432461024,-0.029740745365996704,-0.6929507560035869,0.11473561397414889
1.0967079938378235,0.9890346092278011,-0.013665955307926863,-0.042708739457206095,-0.030983109097195937,-0.6914440215773525,0.11942608553752662
1.0975181278384174,0.9890090055189986,-0.014225486240994645,-0.04261009266779256,-0.03222447670848351,-0.6898761847723993,0.12410004194231312
1.0983315113668877,0.988982289834344,-0.014785961444485865,-0.04250725547112026,-0.03346474515988342,-0.6882474455192377,0.12875657685880362
1.0991482452421064,0.9889544516138559,-0.01534739018742886,-0.042400198931851894,-0.034703809090815316,-0.6865580245088118,0.1333947777057995
1.0999684316068858,0.9889254799736674,-0.015909781721982166,-0.042288893455781566,-0.035941563548797066,-0.6848081599004445,0.13801373623059646
1.100792170826879,0.9888953638166259,-0.016473143136822424,-0.0421733092277715,-0.03717789933915904,-0.6829981141955681,0.14261253150650283
1.101619562984369,0.9888640917894914,-0.017037480374757438,-0.04205341605945692,-0.03841270537239473,-0.6811281717421709,0.14719023918399832
1.1024507090880238,0.988831652240395,-0.017602799042661876,-0.04192918323912113,-0.039645870523437474,-0.6791986363066983,0.15174593879057832
1.1032857074662126,0.9887980333643229,-0.018169101946439874,-0.04180058010169898,-0.04087727834968718,-0.6772098397970164,0.1562786946594944
1.1041246573723507,0.9887632230716429,-0.01873639153973756,-0.04166757553745925,-0.042106812547558006,-0.6751621344258657,0.1607875766131971
1.1049676575580902,0.9887272090481453,-0.019304668943515547,-0.04153013823472168,-0.04333435491301105,-0.6730558962746337,0.16527165288694204
1.105814805580272,0.9886899787929815,-0.019873933476600457,-0.04138823683682895,-0.04455978444426466,-0.6708915274256574,0.1697299873873211
1.1066661989201074,0.9886515195787755,-0.020444183408696134,-0.04124183980197524,-0.04578297908600339,-0.6686694534985452,0.17416164660268982
1.1075219341265434,0.9886118184964332,-0.021015415383455992,-0.041090915585981505,-0.04700381460409302,-0.6663901260861018,0.1785656960448181
1.1083821070830715,0.9885708624520975,-0.021587624600659786,-0.0409354326421423,-0.04822216510251388,-0.6640540223371396,0.18294120269877875
1.1092468126131905,0.9885286381948722,-0.022160804558765686,-0.0407753595376628,-0.04943790260293674,-0.6616616462474444,0.18728723409960102
1.1101161450287118,0.9884851322996854,-0.022734947426350148,-0.040610664899396284,-0.050650897964862406,-0.6592135273342561,0.19160286222854053
1.110990198008857,0.9884403311808753,-0.023310043967706136,-0.04044131747606473,-0.05186102085233974,-0.6567102210240093,0.19588716396604014
1.1118690638398816,0.9883942211406025,-0.023886083053380944,-0.04026728633122623,-0.0530681388373553,-0.6541523108960051,0.20013921853009292
1.1127528346828552,0.9883467883126851,-0.024463052505534655,-0.04008854064058153,-0.05427211930944858,-0.6515404050326826,0.2043581148369817
1.113641601076845,0.9882980187506174,-0.02504093813121084,-0.039905050033098154,-0.055472827584059706,-0.6488751403200012,0.20854294545289234
1.1145354535711036,0.9882478983490328,-0.025619724802866103,-0.039716784303581845,-0.05667012928908336,-0.6461571774927604,0.21269281556150615
1.1154344809212906,0.9881964129522215,-0.026199395303287257,-0.039523713828747004,-0.057863888098509904,-0.6433872063654902,0.21680683567806114
1.1163387712579405,0.9881435483000103,-0.026779931105819665,-0.039325809370551516,-0.059053967488382396,-0.6405659421026996,0.22088412838512902
1.1172484119387833,0.9880892900445095,-0.027361312297371355,-0.03912304214584838,-0.06024023070342382,-0.6376941253276882,0.22492382879343673
1.118163489224606,0.988033623778701,-0.02794351739325972,-0.03891538393917005,-0.06142254050778554,-0.6347725227716027,0.22892508428611225
1.1190840890169584,0.9879765350007841,-0.028526523830045364,-0.03870280697498055,-0.06260076031220108,-0.6318019244835291,0.23288705891625158
1.1200102956870586,0.9879180091949701,-0.029110307246301634,-0.03848528422339332,-0.06377475283889052,-0.6287831470850953,0.23680892946461773
1.1209421931461443,0.987858031774876,-0.02969484218837505,-0.038262789192861496,-0.06494438167176345,-0.625717029780675,0.24068989122090556
1.1218798645007728,0.9877965881128504,-0.030280101916849347,-0.03803529604265955,-0.06610951097618985,-0.6226044348275437,0.24452915754835258
1.1228233921505872,0.9877336635418664,-0.030866058494524676,-0.03780277959238309,-0.06727000578395863,-0.6194462465278519,0.2483259613287805
1.1237728578873587,0.9876692433565485,-0.03145268287438614,-0.03756521532770838,-0.06842573226992335,-0.6162433701481798,0.2520795563391844
1.1247283427880572,0.9876033128277489,-0.032039944860338426,-0.037322579455439944,-0.0695765577713004,-0.6129967314784782,0.2557892177583708
1.1256899275988639,0.9875358571830419,-0.03262781337021387,-0.037074848832370576,-0.07072235139357695,-0.6097072746762826,0.2594542445345022
1.1266576922693328,0.9874668616455521,-0.033216256176616374,-0.03682200110811076,-0.07186298358660392,-0.6063759629532813,0.26307395839925135
1.1276317169733572,0.987396311367338,-0.033805240554281385,-0.036564014480425275,-0.07299832747597573,-0.6030037741211273,0.26664770843966457
1.1286120812887561,0.9873241914922267,-0.03439473280322748,-0.03630086792508646,-0.07412825799956763,-0.5995917024138029,0.27017486862874207
1.1295988644080075,0.9872504871465412,-0.03498469840370984,-0.03603254116000643,-0.07525265227139909,-0.5961407567601578,0.27365483925921447
1.1305921460003003,0.987175183378556,-0.035575102553307224,-0.035759014423296875,-0.07637139065302746,-0.5926519567153642,0.27708705046620286
1.1315920054920268,0.9870982652146425,-0.03616590975439591,-0.03548026867628562,-0.07748435600113827,-0.5891263338893947,0.2804709600363833
1.132598522315445,0.9870197176440773,-0.036757083983769895,-0.03519628554566012,-0.07859143402470652,-0.5855649299933958,0.28380605464795516
1.1336117765650768,0.9869395255696256,-0.037348589094381185,-0.03490704714263171,-0.0796925140569715,-0.5819687934081239,0.287091852262537
1.1346318489435852,0.986857673811146,-0.03794038879188665,-0.03461253607480443,-0.08078748901124555,-0.5783389782442668,0.29032790196088903
1.1356588202847333,0.9867741471441694,-0.0385324463690059,-0.03431273558287716,-0.08187625488937555,-0.5746765449259276,0.2935137824569755
1.1366927722560185,0.9866889302437049,-0.039124725123702096,-0.03400762933601219,-0.08295871154938358,-0.5709825565848753,0.2966491043012433
1.1377337873265914,0.9866020076851977,-0.039717188344768214,-0.033697201433713804,-0.08403476265675053,-0.5672580780709854,0.29973350959232603
1.1387819486704918,0.9865133639512185,-0.040309799261225555,-0.033381436427721,-0.08510431556692516,-0.5635041752161881,0.3027666714740348
1.1398373406117601,0.9864229833920947,-0.04090252129676597,-0.03306031917979639,-0.08616728175212864,-0.5597219121793551,0.30574829514282814
1.1409000482460792,0.9863308502555607,-0.04149531785582832,-0.03273383496566448,-0.08722357637442697,-0.555912351764287,0.3086781163907898
1.1419701588966744,0.9862369485569358,-0.04208815313043603,-0.03240196901416325,-0.08827311967061165,-0.5520765491940327,0.31155590513711984
1.1430477598106317,0.9861412622760103,-0.04268099081180285,-0.032064707203536276,-0.08931583460415865,-0.5482155593963006,0.3143814586062124
1.1441329408575802,0.9860437751164584,-0.04327379557760648,-0.03172203521057613,-0.09035164943642901,-0.5443304263959743,0.31715460801806744
1.1452257921725009,0.9859444707105463,-0.043866531783550676,-0.03137393923221873,-0.09138049535473475,-0.5404221908632301,0.3198752117540995
1.1463264066250198,0.9858433323925475,-0.044459164798837714,-0.031020405189520903,-0.09240230873102984,-0.5364918804210701,0.32254316097309843
1.14743487788878,0.9857403433681413,-0.04505165993972591,-0.03066141932312164,-0.09341702918508568,-0.5325405157443877,0.3251583740001882
1.1485513018671656,0.9856354865788164,-0.04564398322216101,-0.030296967719967517,-0.09442460080254436,-0.5285691047037626,0.3277207990445616
1.1496757753787914,0.9855287448192589,-0.046236100642429764,-0.029927036723496232,-0.09542497081964785,-0.5245786463289581,0.33023041032482736
1.1508083981257324,0.98542010054627,-0.046827979197569494,-0.029551612272231437,-0.09641809126450489,-0.5205701231447781,0.33268721169832044
1.151949270875779,0.9853095360448851,-0.04741958590224611,-0.02917068047876624,-0.0974039171982902,-0.5165445070080485,0.3350912316834947
1.153098496382731,0.9851970333360823,-0.04801088825212977,-0.028784227312160363,-0.09838240740790662,-0.5125027552613393,0.33744252467062646
1.15425617933206,0.9850825741760609,-0.04860185416897227,-0.028392238599037747,-0.09935352421599397,-0.508445810401202,0.33974116988268777
1.155422426584294,0.9849661400261701,-0.04919245209664168,-0.027994699924603215,-0.10031723353859587,-0.5043745987506121,0.34198727092049885
1.1565973464710562,0.9848477121175827,-0.04978265061676232,-0.027591596857479847,-0.10127350415921052,-0.5002900324834102,0.3441809534831658
1.157781049323045,0.984727271394277,-0.05037241869245249,-0.027182914758100227,-0.1022223080349918,-0.496193007374064,0.34632236553191104
1.1589736474522458,0.9846047985094951,-0.05096172563016192,-0.026768638771237772,-0.10316362013644138,-0.4920844025110187,0.3484116763332595
1.1601752547855253,0.9844802738588102,-0.05155054087145312,-0.026348753941947137,-0.10409741802015321,-0.4879650812412659,0.3504490749349023
1.161385987905642,0.9843536774676365,-0.05213883447447787,-0.025923244840848434,-0.10502368249709376,-0.48383588732728233,0.35243477104176313
1.1626059645165154,0.9842249891460616,-0.05272657633377227,-0.025492096090806632,-0.10594239630246347,-0.4796976499678571,0.3543689915455923
1.1638353046212653,0.9840941883625011,-0.05331373672793601,-0.025055291946029228,-0.10685354487139775,-0.47555117955957865,0.3562519816497484
1.1650741296979152,0.9839612543268609,-0.05390028589391953,-0.024612816575540562,-0.10775711558310275,-0.471397270320427,0.35808400271677066
1.1663225633277035,0.9838261659205665,-0.05448619430035485,-0.024164653833939127,-0.10865309809871831,-0.46723669802118584,0.3598653324250866
1.167580730676109,0.9836889017490914,-0.055071432373774536,-0.023710787441061674,-0.10954148385317927,-0.46307022161153943,0.36159626319421373
1.1688487591050396,0.9835494400725701,-0.05565597075674539,-0.023251200757000077,-0.11042226636404087,-0.4588985811003197,0.3632771022544484
1.1701267770548691,0.9834077589259512,-0.05623977976382733,-0.022785877183115425,-0.11129544032779612,-0.45472250117789986,0.3649081693830688
1.1714149153745086,0.983263835970645,-0.05682282996839885,-0.022314799677569545,-0.11216100242523305,-0.4505426867979748,0.36648979793050773
1.172713306398497,0.9831176485940888,-0.05740509175042992,-0.02183795108802008,-0.11301895056266331,-0.4463598261977652,0.3680223328709412
1.1740220838583892,0.9829691739193099,-0.057986535236260454,-0.0213553141854688,-0.1138692837146334,-0.442174591155233,0.3695061300600927
1.175341383320235,0.9828183887547745,-0.058567130471006895,-0.02086687150424924,-0.11471200210725443,-0.4379876355899359,0.3709415560905517
1.1766713421977548,0.9826652695912478,-0.05914684739590834,-0.0203726053368027,-0.1155471071106202,-0.43379959557813935,0.3723289876094745
1.1780120992710987,0.9825097926563573,-0.05972565561293382,-0.01987249791385085,-0.11637460083019545,-0.42961109092808764,0.3736688101677641
1.179363794660281,0.9823519339184695,-0.06030352435492882,-0.01936653141856341,-0.11719448600451575,-0.425422725297076,0.37496141763604346
1.1807265710315185,0.9821916689453858,-0.060880422975799244,-0.018854687537491782,-0.11800676663464355,-0.4212350825468018,0.37620721274122965
1.1821005717421444,0.9820289731211242,-0.06145632013366312,-0.01833694815859081,-0.1188114467632453,-0.41704873258990993,0.3774066047098435
1.1834859415491923,0.9818638215652552,-0.06203118407909496,-0.017813295112767042,-0.11960853083319985,-0.41286422925064475,0.37856000946747204
1.1848828276835925,0.9816961890049699,-0.06260498307503944,-0.017283709771802134,-0.12039802420855596,-0.40868210715891706,0.3796678499589745
1.1862913782521782,0.9815260499661171,-0.06317768470893056,-0.016748173657190224,-0.12117993216271732,-0.40450288672244017,0.3807305542705826
1.1877117432715796,0.98135337865101,-0.06374925629857445,-0.016206668055105084,-0.12195426038694665,-0.40032707115084987,0.3817485559744683
1.189144073676092,0.9811781490602488,-0.06431966446956791,-0.015659174400735238,-0.12272101436438947,-0.39615514953144054,0.38272229291294857
1.1905885231002094,0.9810003347767031,-0.06488887584525768,-0.015105673604329886,-0.12348020024929252,-0.39198759178433595,0.38365220795151456
1.1920452456151234,0.9808199092442474,-0.06545685612306214,-0.014546146923638566,-0.12423182357657295,-0.3878248554272623,0.38453874697445317
1.1935143975088964,0.9806368455515911,-0.06602357075884943,-0.013980575290614968,-0.12497589013262288,-0.38366738058637956,0.3853823596244457
1.1949961360543808,0.9804511165870162,-0.06658898446376997,-0.013408939792541158,-0.12571240524323257,-0.37951559370906496,0.3861834981100543
1.1964906211042061,0.9802626948413462,-0.06715306179307684,-0.012831221065675035,-0.12644137449882764,-0.3753699032747881,0.38694261766534876
1.197998013431366,0.9800715526180146,-0.06771576648723553,-0.012247399943669066,-0.12716280285068685,-0.3712307046710653,0.38766017521708024
1.1995184753487915,0.9798776619591598,-0.06827706169098298,-0.011657457228728088,-0.12787669486035552,-0.36709837863390976,0.3883366293632162
1.2010521718437903,0.9796809945030539,-0.06883691034395986,-0.011061373260116825,-0.12858305515167404,-0.36297328841995186,0.3889724404521488
1.2025992686857023,0.9794815217283197,-0.06939527445722701,-0.01045912865810612,-0.12928188745082805,-0.35885578518800026,0.389568069355249
1.204159933125003,0.9792792148695456,-0.06995211535597035,-0.00985070406426876,-0.12997319486544734,-0.3547462062769419,0.39012397747458905
1.205734335136699,0.9790740447590746,-0.07050739409585573,-0.009236079666867271,-0.13065698036232698,-0.3506448721949645,0.39064062680977935
1.2073226465612166,0.9788659819401159,-0.07106107112030133,-0.008615235545299423,-0.13133324629720622,-0.3465520892101636,0.39111847923126397
1.2089250397137372,0.9786549968538554,-0.0716131057570024,-0.007988152225945521,-0.13200199377170335,-0.34246815314518003,0.39155799577489914
1.2105416899502035,0.9784410595074675,-0.07216345708750066,-0.007354809690999204,-0.13266322366351027,-0.33839334302153606,0.39195963709719017
1.2121727745442217,0.9782241396240213,-0.0727120835207283,-0.006715187828710101,-0.13331693606717726,-0.33432792428125985,0.3923238627705209
1.2138184726727441,0.9780042066486365,-0.0732589427603767,-0.006069266451596791,-0.13396313022410353,-0.33027214910261826,0.3926511309746961
1.21547896504326,0.9777812298032565,-0.07380399165579987,-0.005417025456036674,-0.1346018043188467,-0.32622625758208035,0.39294189814622865
1.217154434639462,0.9775551779918907,-0.07434718642244224,-0.004758444543109919,-0.13523295571201654,-0.3221904761752596,0.393196618849633
1.218845067617621,0.9773260196828656,-0.07488848289228014,-0.00409350287942926,-0.13585658119477848,-0.31816501590477386,0.39341574557735476
1.2205510503683878,0.9770937233114404,-0.07542783553822573,-0.003422180266912583,-0.13647267583434936,-0.31415007968634706,0.3935997280781596
1.222272572961333,0.9768582568186673,-0.07596519854903187,-0.0027444558030884237,-0.13708123418912416,-0.31014585440917086,0.39374901356432745
1.224009827399225,0.9766195878925795,-0.07650052523250968,-0.002060308582840696,-0.13768224959206224,-0.30615251544131056,0.3938640462059386
1.2257630076437598,0.9763776839711845,-0.07703376799615048,-0.0013697177044731542,-0.1382757141089506,-0.3021702268455297,0.39394526692286197
1.227532310529641,0.9761325121223553,-0.07756487859216447,-0.0006726619261790056,-0.1388616187881648,-0.2981991396149571,0.39399311320037766
1.229317934622499,0.9758840392076151,-0.07809380773592375,0.00003087986700634404,-0.13943995321392813,-0.2942393945851794,0.3940080188161886
1.2311200816848136,0.9756322316851497,-0.0786205055088183,0.0007409292230410322,-0.1400107059279766,-0.2902911194795543,0.3939904136591447
1.2329389581136911,0.9753770554121637,-0.0791449217185049,0.001457508670897059,-0.14057386478187453,-0.28635442624498664,0.39394072340473446
1.2347747724657971,0.9751184759951775,-0.07966700512052234,0.0021806407257829417,-0.14112941606185694,-0.28242941692188117,0.39385936927159226
1.2366277343111174,0.9748564589608824,-0.08018670306870114,0.0029103474176245723,-0.1416773441089303,-0.2785161863269497,0.39374676795698255
1.2384980554338876,0.9745909695973143,-0.08070396183711455,0.0036466507439368847,-0.1422176316572717,-0.274614819687996,0.3936033314907761
1.2403859498839123,0.9743219729555855,-0.08121872660270588,0.004389572669231819,-0.1427502598038467,-0.27072539281616703,0.39342946709453774
1.2422916345173536,0.9740494337817576,-0.08173094155747415,0.005139135316363832,-0.14327520811069333,-0.26684797129170107,0.39322557698896926
1.2442153292219198,0.973773316492864,-0.08224054992526098,0.005895361032598807,-0.143792454603635,-0.2629826103568279,0.39299205820465066
1.2461572570072839,0.9734935851722102,-0.0827474939386416,0.006658272401678414,-0.1443019757294027,-0.259129355101512,0.3927293024055673
1.2481176430944971,0.9732102037099032,-0.08325171455845562,0.007427891862085978,-0.14480374605851207,-0.25528824260410715,0.3924376958739581
1.2500967161460317,0.9729231356356249,-0.08375315175281738,0.008204242165606503,-0.1452977385524559,-0.2514592998147266,0.3921176192179993
1.2520947076339122,0.9726323442197311,-0.08425174428697596,0.008987346103441764,-0.1457839243387365,-0.24764254514742554,0.3917694473305521
1.2541118519051988,0.9723377924747977,-0.08474742969796453,0.00977722650574309,-0.1462622726749274,-0.2438379886651419,0.3913935492725776
1.256148386007847,0.9720394431927111,-0.0852401442104411,0.01057390614662342,-0.14673275085736512,-0.2400456327105075,0.39099028820973186
1.258204551101276,0.9717372587495656,-0.08572982303109836,0.01137740826785177,-0.14719532448953523,-0.23626546961016903,0.3905600210289118
1.2602805903982996,0.9714312014194345,-0.08621639980490174,0.012187755744938,-0.14764995695221583,-0.23249748582550514,0.3901030986535983
1.2623767515046804,0.9711212330431395,-0.08669980712404375,0.01300497197141691,-0.14809660987313092,-0.22874165797775287,0.3896198654644563
1.2644932837998795,0.9708073154279442,-0.08717997586866112,0.013829079806112093,-0.1485352425023392,-0.2249979579047165,0.38911065980090703
1.266630441150451,0.9704894099604504,-0.0876568357865832,0.0146601025996857,-0.14896581223980954,-0.2212663480988162,0.3885758132671837
1.2687884796067213,0.9701674779625681,-0.08813031492112436,0.015498063265263392,-0.1493882741028933,-0.21754678609741807,0.38801565121441833
1.270967659792597,0.9698414803510267,-0.08860034009414185,0.016342985174135922,-0.14980258115323736,-0.21383922062220118,0.38743049207740377
1.2731682445608552,0.9695113780028203,-0.08906683634120359,0.017194891210906192,-0.1502086839839967,-0.21014359592765294,0.3868206479234744
1.2753905008678996,0.9691771314916698,-0.08952972727017967,0.018053804465775068,-0.15060653103073124,-0.20645984888414468,0.38618642390715985
1.2776346989889462,0.9688387012223142,-0.08998893483922459,0.018919747893661278,-0.1509960683672475,-0.20278791062087975,0.385528118428368
1.279901111831423,0.9684960475526031,-0.0904443791718999,0.01979274401322819,-0.15137723954499904,-0.1991277079015496,0.3848460233051121
1.282190017320848,0.9681491304516706,-0.0908959789881346,0.020672815788263393,-0.15174998594783015,-0.19547915954125308,0.3841404230226612
1.2845016955231485,0.96779790995428,-0.09134365097342255,0.021559985479933673,-0.15211424625657757,-0.19184218134089356,0.3834115955633114
1.2868364312068294,0.9674423457929405,-0.09178731023496954,0.022454275592220865,-0.1524699568206024,-0.1882166822651681,0.3826598115918799
1.2891945124801116,0.9670823976251968,-0.09222686997768637,0.023355708306117898,-0.15281705138276783,-0.18460256690358395,0.3818853348443275
1.2915762302257492,0.9667180251425592,-0.09266224135443125,0.024264305223027863,-0.15315546095943636,-0.18099973655909546,0.3810884223053033
1.2939818796847309,0.9663491878516198,-0.09309333370983026,0.025180087927253073,-0.15348511402756354,-0.17740808707695177,0.3802693236702167
1.2964117606502767,0.9659758450666971,-0.09352005454857525,0.026103078012534753,-0.15380593648495294,-0.1738275088878866,0.3794282812400485
1.2988661747479913,0.965597956352256,-0.09394230900378986,0.027033296003313466,-0.15411785124329277,-0.17025789127425955,0.3785655308478432
1.3013454289013289,0.9652154810162441,-0.0943600003949088,0.027970762625236043,-0.15442077864318182,-0.16669911749873217,0.37768130065186084
1.3038498338799536,0.9648283783588331,-0.09477302990945755,0.028915498203793032,-0.15471463620335507,-0.1631510672404929,0.37677581161460255
1.306379703370788,0.964436607843885,-0.09518129639953128,0.02986752226596338,-0.15499933847124664,-0.15961361813383687,0.3758492778368028
1.3089353549169795,0.9640401289830013,-0.09558469648971107,0.03082685384636341,-0.1552747970978724,-0.1560866446387119,0.37490190622153813
1.3115171114752715,0.9636389011228682,-0.09598312475959293,0.03179351201839735,-0.1555409209489743,-0.1525700161724245,0.37393389588091164
1.3141252989309047,0.9632328838611486,-0.09637647329118787,0.03276751490745474,-0.15579761578528575,-0.1490636007993694,0.37294543904762373
1.316760246817161,0.9628220369673776,-0.09676463173540033,0.03374887990948685,-0.156044784306512,-0.1455672644264448,0.3719367208156566
1.3194222889294345,0.9624063203203763,-0.0971474873485462,0.034737623865176155,-0.15628232616674886,-0.14208087020799362,0.37090791890489233
1.322111763922785,0.9619856938485989,-0.09752492501396073,0.035733763223049296,-0.1565101379726405,-0.13860427803026457,0.3698592034200163
1.3248290133514755,0.961560117871918,-0.09789682690577281,0.036737313254097154,-0.1567281130670832,-0.1351373472923914,0.36879073760951314
1.3275743834715785,0.9611295528567211,-0.09826307268923642,0.037748288661401695,-0.15693614164320793,-0.13167993477846465,0.36770267716606186
1.3303482243646174,0.9606939595909848,-0.09862353934033191,0.038766703194757966,-0.1571341106257578,-0.1282318960129181,0.36659517056698826
1.333150891494136,0.9602532989790478,-0.098978101287414,0.03979257015889715,-0.1573219037342872,-0.12479308355996908,0.3654683584493793
1.3359827430415543,0.9598075325008485,-0.09932663000882462,0.04082590137205334,-0.1574994012513225,-0.12136335054595393,0.36432237467421247
1.3388441424141253,0.9593566218600038,-0.09966899429565206,0.04186670801971215,-0.15766648015130585,-0.11794254778264066,0.3631573453196887
1.3417354561244554,0.9589005293612595,-0.10000505993315695,0.042914999814179934,-0.15782301392504383,-0.11453052654899226,0.3619733895376291
1.344657056926233,0.9584392174611628,-0.10033469001005715,0.04397078606400186,-0.1579688727103631,-0.11112713509114537,0.3607706182693802
1.3476093197808747,0.9579726494510329,-0.10065774439178721,0.04503407414159066,-0.15810392303161516,-0.10773222359383271,0.35954913589469595
1.350592625395283,0.9575007889468964,-0.10097408006632747,0.04610487069157849,-0.15822802794031823,-0.10434564024904694,0.35830903877501735
1.353607358657471,0.9570236001862008,-0.10128355090328645,0.047183180989741454,-0.158341046887804,-0.10096723331653883,0.35705041588951114
1.356653908862367,0.9565410480437644,-0.10158600761990344,0.048269008948793705,-0.15844283569373593,-0.09759685107647094,0.3557733487363801
1.3597326698342977,0.9560530980656844,-0.10188129773315728,0.049362357084183184,-0.15853324650711154,-0.09423434191202956,0.35447791127444317
1.362844040101838,0.9555597164966592,-0.1021692655146174,0.050463226495693625,-0.15861212776642977,-0.09087955434459047,0.35316416984056087
1.365988421649206,0.955060870534953,-0.10244975181767323,0.051571616345034106,-0.15867932412903027,-0.0875323385872935,0.3518321836686815
1.3691662225163224,0.9545565279787712,-0.10272259425434874,0.05268752469054222,-0.15873467649043152,-0.0841925439772224,0.35048200377972144
1.3723778544470615,0.9540466576599278,-0.10298762692015416,0.05381094757020121,-0.15877802188599774,-0.08086002172204583,0.34911367396364285
1.3756237344742257,0.953531229255008,-0.10324468047183943,0.054941879470775654,-0.15880919347915973,-0.07753462345014833,0.3477272300935044
1.3789042833101544,0.9530102136055654,-0.10349358193704536,0.056080312675548395,-0.15882802050143546,-0.07421620309619224,0.34632270079708083
1.3822199274932128,0.9524835824440135,-0.1037341548229775,0.05722623791895503,-0.15883432823066268,-0.07090461493493161,0.3449001065233334
1.3855710973426982,0.9519513087872808,-0.1039662188997806,0.05837964358116513,-0.15882793793693525,-0.06759971588663131,0.34345946039962005
1.3889582305492263,0.951413366437659,-0.10418959038763073,0.0595405168254046,-0.15880866683370018,-0.06430136221574202,0.34200076666872326
1.3923817682765844,0.9508697306753993,-0.10440408161676412,0.06070884215143877,-0.15877632803369396,-0.0610094136499759,0.34052402234182155
1.3958421554040692,0.9503203782958243,-0.10460950100447822,0.06188460138472941,-0.15873073053179848,-0.05772373330719183,0.3390292170766685
1.3993398416556673,0.9497652875078927,-0.10480565307645444,0.0630677739606777,-0.15867167916664565,-0.05444418681813861,0.3375163326683082
1.4028752838226957,0.9492044376620107,-0.10499233852275175,0.06425833756371244,-0.15859897453375266,-0.051170640526519276,0.33598534206029235
1.4064489410841925,0.9486378100755419,-0.10516935388065228,0.06545626643481768,-0.15851241303111438,-0.047902966115948346,0.33443621134226825
1.4100612785079483,0.9480653875625558,-0.10533649167561626,0.0666615324429337,-0.1584117867660182,-0.044641037575698095,0.33286889820720683
1.413712766388013,0.9474871546271005,-0.10549354032252935,0.06787410474173759,-0.158296883525314,-0.04138473209923305,0.3312833522070309
1.4174038796951622,0.94690309764093,-0.10564028404556094,0.06909394946700365,-0.15816748675759856,-0.0381339308410568,0.3296795149594411
1.4211350983744029,0.9463132048896515,-0.10577650283968555,0.07032102971425985,-0.15802337553459192,-0.0348885189085054,0.3280573199858366
1.4249069079417394,0.9457174665745975,-0.10590197243734847,0.07155530560834478,-0.15786432449462995,-0.03164838512163307,0.3264166924170595
1.4287197971768444,0.9451158752760682,-0.1060164641826118,0.0727967334208812,-0.15769010391310062,-0.028413424263715396,0.3247575499610777
1.4325742618236692,0.9445084254706909,-0.10611974510304342,0.07404526664875731,-0.1575004795172139,-0.02518353418782895,0.3230798012557778
1.436470802619891,0.9438951139478965,-0.10621157778713317,0.07530085522962365,-0.15729521253361087,-0.021958617824444603,0.32138334668700264
1.4404099237496946,0.9432759401607219,-0.10629172030976897,0.07656344490917343,-0.15707405975489902,-0.01873858472666641,0.31966807902256184
1.444392136461748,0.9426509057673481,-0.10635992626977347,0.0778329782633546,-0.1568367733235358,-0.015523348383851405,0.31793388179584725
1.448417956032302,0.9420200152228926,-0.106415944677859,0.07910939357537561,-0.15658310087398808,-0.012312829032775214,0.3161806305858651
1.4524879021901314,0.9413832758287973,-0.10645951993697125,0.08039262482930962,-0.15631278550388145,-0.009106953583946462,0.31440819278907867
1.456602500645921,0.9407406976135828,-0.10649039182337168,0.08168260204104731,-0.15602556565972286,-0.0059056547271204105,0.3126164269091781
1.460762282140993,0.9400922936057976,-0.10650829543422873,0.0829792507980625,-0.1557211751798538,-0.0027088720266808365,0.3108051829264826
1.4649677817938713,0.9394380800624081,-0.10651296115611442,0.08428249189754435,-0.1553993433361233,0.0004834472552572261,0.30897430253687624
1.4692195392440741,0.9387780765756113,-0.10650411464600774,0.08559224123270444,-0.15505979482641585,0.003671347958092298,0.30712361904290814
1.47352008690093,0.9381119986190525,-0.10648146318297368,0.08690901654771604,-0.15470208111907793,0.006856330156513447,0.3052520921524401
1.47787104003793,0.9374397104966282,-0.10644469323628289,0.08823303571193108,-0.15432580414415883,0.010039143548834409,0.30335907488303204
1.4822729691677987,0.9367612436803828,-0.10639348684989089,0.08956418647398942,-0.15393064338386428,0.013219738634212259,0.30144436864891055
1.4867264535341684,0.9360766332619953,-0.10632752105970238,0.09090235173851301,-0.15351627343761132,0.01639806087800639,0.29950776456039796
1.4912320760981446,0.9353859188886007,-0.10624646792315777,0.09224740784332923,-0.1530823644595376,0.019574046583251084,0.2975490455079612
1.4957904192799951,0.9346891455747955,-0.10614999463183945,0.09359922311321899,-0.15262858262217371,0.0227476195382398,0.2955679879171589
1.5004020674541574,0.9339863634786475,-0.10603776353489418,0.09495765844268492,-0.15215458996181583,0.025918692483741006,0.2935643605694084
1.5050676069724214,0.9332776280623647,-0.10590943219187417,0.09632256712439953,-0.15166004444542217,0.029087166765846773,0.29153792450130844
1.5097876260096181,0.9325630002830055,-0.10576465343619869,0.09769379462169904,-0.15114460006111552,0.03225293185321962,0.28948843298468874
1.5145627107702038,0.9318425473339218,-0.10560307557606545,0.09907117729267931,-0.15060790733106033,0.03541586245041832,0.28741563309007906
1.5193934469545143,0.9311163425873864,-0.10542434247033475,0.10045454265827805,-0.15004961328516497,0.03857581920067533,0.2853192649697755
1.5242804235146743,0.9303844652019415,-0.10522809348718264,0.10184371029699277,-0.14946936113589013,0.04173265076612561,0.2831990601539803
1.529224225178389,0.9296470014176991,-0.10501396390233754,0.10323848953072266,-0.14886679127375854,0.04488618858809401,0.28105474472631486
1.5342254342803427,0.9289040444473381,-0.1047815849985303,0.10463867979851445,-0.14824154123101527,0.04803624781636665,0.278886038465136
1.539284631353165,0.9281556945582382,-0.10453058420083026,0.1060440706605291,-0.14759324577662694,0.051182627362522395,0.27669265453088937
1.544402393197018,0.9274020595289153,-0.10426058534521988,0.10745444109893863,-0.1469215373404635,0.054325108367069115,0.2744743002543205
1.5495792923784792,0.9266432548900047,-0.10397120890918085,0.10886955923051439,-0.1462260462847779,0.057463453598605406,0.27223067731282485
1.5548158923780764,0.9258794047970491,-0.10366207252341406,0.11028918084867215,-0.14550640179522273,0.06059740426836479,0.2699614838013911
1.560112754965566,0.9251106411120299,-0.10333279080378506,0.11171305130282745,-0.14476223113020226,0.06372668422475308,0.2676664110145762
1.565470428045168,0.924337105329706,-0.10298297635896174,0.11314090209229281,-0.14399316157362574,0.06685099247277654,0.2653451487026667
1.570889452768515,0.9235589476880923,-0.10261223968659425,0.11457245269537059,-0.14319881976217563,0.06997000724489824,0.26299738199065903
1.576370356617578,0.9227763283079097,-0.1022201899705919,0.11600740864208114,-0.14237883300849338,0.0730833818090996,0.2606227943898715
1.5819136518447414,0.9219894175376113,-0.10180643560869478,0.11744546106868532,-0.14153282992968655,0.07619074355066434,0.2582210685031204
1.5875198356896896,0.9211983960362908,-0.10137058463735248,0.11888628675116411,-0.14066044082970258,0.07929169407706671,0.2557918859765267
1.5931893835333002,0.9204034558399541,-0.10091224574371335,0.1203295463487604,-0.13976129921331537,0.08238580546279062,0.2533349305297084
1.598922750942083,0.919604800150261,-0.10043102865398383,0.12177488498247312,-0.1388350419772245,0.0854726215293456,0.25084988715376455
1.6047203647809454,0.9188026446339388,-0.09992654546090056,0.12322193007381206,-0.13788131138303655,0.08855165324798409,0.24833644606877434
1.6105826235659408,0.9179972173970476,-0.09939841127752792,0.12467029159550254,-0.1368997556297686,0.09162237931747687,0.24579430270173436
1.6165098943759497,0.9171887594169928,-0.0988462452184468,0.12611956148923287,-0.13589003001339092,0.09468424494100935,0.24322315918186282
1.6225025004077578,0.9163775262047092,-0.09826967235995278,0.1275693108898662,-0.13485179977647208,0.09773665598689582,0.24062272992544312
1.628560726775709,0.9155637869321547,-0.09766832409607351,0.12901909189959113,-0.13378473993381157,0.10077898276606488,0.23799273933988596
1.6346848051700917,0.9147478263830184,-0.09704184058879994,0.1304684343117941,-0.132688538810553,0.10381055315429823,0.23533292873658082
1.640874913389811,0.9139299448246899,-0.09638987191265273,0.13191684605841658,-0.1315628991142069,0.1068306535640804,0.23264305683049644
1.6471311645318096,0.9131104592001897,-0.0957120803457419,0.13336381130978156,-0.13040754093301418,0.10983852498943418,0.2299229047749704
1.6534536084476008,0.9122897026314825,-0.09500814147175096,0.1348087915634472,-0.12922220259171133,0.11283336527201851,0.22717227591240838
1.6598422079096207,0.9114680271385978,-0.09427774818220101,0.1362512210633471,-0.12800664631864925,0.11581431959111659,0.22439100657637423
1.6662968462442185,0.9106458021596601,-0.09352061136131724,0.13769050962290327,-0.1267606581776138,0.11878048631556609,0.22157896326557575
1.6728173120999676,0.9098234159547518,-0.09273646320782832,0.13912604035780068,-0.12548405236091267,0.1217309122724162,0.21873604982192638
1.6794032831620394,0.9090012769801784,-0.09192506094423497,0.14055716749222508,-0.12417667592047166,0.12466458820649265,0.21586221514606538
1.6860543322252157,0.908179812336827,-0.09108618793980765,0.14198321925635587,-0.1228384092051507,0.12758045466918533,0.21295745122932574
1.6927699028291845,0.9073594699089196,-0.09021965867286479,0.14340349433833016,-0.12146917241103662,0.13047739465216918,0.21002180453360328
1.699549312122035,0.9065407169744669,-0.08932532045369754,0.14481726445915927,-0.12006892682109242,0.13335423873947577,0.20705537556155024
1.7063917299059166,0.9057240416001101,-0.08840305830183161,0.14622377209884865,-0.11863768096325775,0.13620976032167276,0.20405832890859793
1.713296178194517,0.9049099513840778,-0.0874527972822137,0.1476222327881099,-0.11717549267108349,0.13904268008416143,0.20103089442326436
1.720261526502478,0.904098972614929,-0.08647450539606748,0.1490118366337358,-0.11568247200600862,0.1418516688622713,0.1979733702927487
1.7272864827807248,0.9032916498107526,-0.08546819711512561,0.15039174915244855,-0.1141587851304306,0.14463534904655165,0.1948861281020754
1.7343695875517298,0.9024885447388636,-0.0844339365203172,0.151761112958408,-0.11260465753285102,0.14739229767284667,0.19176961655338512
1.7415092157755239,0.901690234444194,-0.08337183929094003,0.15311905109221177,-0.11102037552744741,0.1501210527615832,0.18862436183266215
1.7487035813847653,0.9008973089258345,-0.08228207416021435,0.15446467088198684,-0.10940628702807025,0.15282012064941528,0.18545096682201812
1.755950734091105,0.900110369616633,-0.08116486539699903,0.15579706637761045,-0.1077628039173871,0.15548798039378178,0.18225011373333433
1.7632485700840796,0.8993300262873631,-0.08002049303226798,0.15711532339721887,-0.10609040115639558,0.1581230933640324,0.1790225606169277
1.770594852496992,0.8985568929730966,-0.07884929123020269,0.15841852614217,-0.10438961335908782,0.1607239158881695,0.1757691335060728
1.7779872097984961,0.8977915863191137,-0.07765164982784857,0.1597057596536846,-0.10266103615977294,0.16328890353461897,0.17249072827357037
1.7854231660058553,0.897034720652659,-0.0764280105058079,0.16097611772478174,-0.10090531994740642,0.16581652624573337,0.1691882983312542
1.7929001515216643,0.8962869052558503,-0.07517886564523459,0.16222870703093306,-0.09912316772680939,0.16830527588448502,0.16586285080759489
1.8004155347166413,0.8955487397110024,-0.07390475337197414,0.1634626544348536,-0.09731532772913828,0.17075368007519182,0.16251543339381827
1.8079666387549995,0.8948208109843931,-0.07260625459178759,0.1646771113167643,-0.09548258912300553,0.17316031011408806,0.15914712760200145
1.815550763699159,0.8941036902008365,-0.07128398876952428,0.16587125838356048,-0.09362577614275433,0.1755237898452774,0.1557590395356899
1.8231652220138472,0.8933979284451605,-0.06993860693703312,0.16704431205817571,-0.09174573855984289,0.17784280767665261,0.15235228450581864
1.8308073513242433,0.8927040550297736,-0.06857078824808753,0.16819552673396806,-0.08984334736384296,0.18011612043877948,0.1489279816313214
1.8384745443280912,0.8920225744322864,-0.0671812331954348,0.16932419923266376,-0.0879194859498195,0.1823425616517145,0.14548724060967708
1.8461642651501955,0.8913539647837118,-0.065770658910855,0.17042967068413192,-0.08597504439144074,0.1845210447500902,0.1420311543887673
1.8538740645730658,0.8906986766892109,-0.06433979446350355,0.17151132787109186,-0.08401091383001556,0.18665056532283378,0.13856079220484455
1.8616016019238932,0.8900571317335636,-0.06288937472582679,0.17256860511356367,-0.08202797900958979,0.1887302044839897,0.13507718948525646
1.869344650328879,0.8894297226329401,-0.06142013717579455,0.17360098346349445,-0.08002711493236728,0.19075912701957332,0.13158134511155622
1.8771011117111593,0.8888168127465502,-0.05993281681030947,0.1746079909929753,-0.07800918097634146,0.19273658176269753,0.12807421419290302
1.8848690184516685,0.8882187368397585,-0.0584281435419959,0.17558920106298867,-0.07597501843239116,0.19466189807115428,0.12455670676995687
1.8926465397042194,0.8876358015794236,-0.056906838739427514,0.17654423107939157,-0.07392544687575876,0.1965344833342174,0.12102968435441391
1.900431978229519,0.8870682868417943,-0.05536961366154527,0.1774727399631213,-0.07186126308354908,0.19835381802211316,0.11749396071411888
1.9082237717310055,0.8865164467178455,-0.05381716711624748,0.17837442616531765,-0.06978323886909905,0.20011945186513697,0.11395030059067343
1.9160204927850548,0.8859805106775459,-0.052250183481476226,0.17924902546699553,-0.06769211937380315,0.20183099966131765,0.11039941902818168
1.9238208392346325,0.8854606854027028,-0.050669332764227915,0.18009630773235713,-0.06558862403189458,0.203488135082067,0.10684198503694463
1.931623634187913,0.8849571559289101,-0.04907526888127758,0.1809160748334035,-0.06347344509988788,0.20509058681003225,0.10327862089200912
1.9394278136937835,0.8844700875793585,-0.047468630579913844,0.18170815732323445,-0.061347249640360486,0.20663813226130884,0.0997099070638414
1.9472324278120612,0.8839996269805392,-0.04585003977657793,0.1824724126410612,-0.05921067801501324,0.20813059432786712,0.09613638105414771
1.9550366262929455,0.8835459039983785,-0.04422010319837599,0.18320872185243806,-0.05706434669275112,0.20956783527680686,0.09255854328986583
1.9628396550543235,0.8831090329223438,-0.042579411954293815,0.1839169876425346,-0.054908848252670006,0.2109497531122795,0.08897685811193576
1.9706408491400458,0.8826891138112587,-0.040928541959286906,0.18459713207170184,-0.052744752460626654,0.21227627748140065,0.08539175640102309
1.9784396242017288,0.8822862338414019,-0.03926805480300804,0.185249094350458,-0.05057260787268918,0.21354736562321883,0.08180363891526307
1.9862354736561518,0.8819004682852578,-0.037598497532109025,0.18587282923206944,-0.048392941965579986,0.21476299952313707,0.0782128770500226
1.9940279569548995,0.8815318818777733,-0.035920404435105344,0.1864683047947915,-0.04620626383955602,0.2159231818753779,0.07461981771873964
2.001816692307758,0.8811805298446118,-0.034234298000075915,0.18703550078607623,-0.04401306578658849,0.217027933137097,0.07102478622418966
2.009601365315815,0.8808464581790963,-0.03254068650079917,0.1875744081903386,-0.041813820442176075,0.21807729095805242,0.06742808180834657
2.0173817066412028,0.8805297052680071,-0.030840068360898556,0.18808502662856377,-0.039608986721341485,0.219071305378493,0.06382998751907694
2.025157489159924,0.8802303025005543,-0.02913293241091005,0.18856736340866798,-0.03739901036393208,0.22001003723347629,0.060230771126317285
2.032928536570943,0.879948274441716,-0.027419755665038736,0.18902143328210094,-0.035184321254106664,0.22089355791942533,0.056630680747194684
2.04069470764282,0.8796836399277165,-0.02570100648977452,0.1894472567189099,-0.03296533770109806,0.2217219462650256,0.05302995176438534
2.0484558895990714,0.8794364126747312,-0.023977145852431565,0.18984485897160733,-0.03074246819644953,0.22249528692575937,0.04942880955070549
2.0562120040290934,0.8792066014447776,-0.022248625829518497,0.19021426985315085,-0.028516109619496195,0.22321367015432012,0.04582746640005285
2.0639629979555347,0.8789942106827955,-0.02051589143652891,0.19055552275786194,-0.02628664971481902,0.2238771900850115,0.04222612535683254
2.071708845776693,0.8787992407742881,-0.018779380075817156,0.19086865429308808,-0.02405446648333256,0.22448594419280793,0.03862497901516297
2.0794495359282434,0.8786216886634528,-0.017039524436244936,0.191153703331602,-0.02181993199875733,0.2250400316129058,0.03502421543520435
2.087185080428474,0.8784615478449456,-0.015296750292790094,0.1914107110693172,-0.019583409654811406,0.22553955340150383,0.03142401343578673
2.0949155058423874,0.8783188088062157,-0.013551478489989121,0.1916397203579962,-0.017345256782107875,0.2259846113738637,0.02782454653574878
2.102640852739893,0.878193459220229,-0.01180412504185797,0.19184077543722547,-0.015105824834408147,0.22637530770557066,0.024225982957696266
2.110361172716488,0.8780854841619725,-0.010055101796365717,0.1920139216262135,-0.012865460292212482,0.2267117444428264,0.020628486775387925
2.118076524920394,0.8779948662896786,-0.008304817227471322,0.19215920506997836,-0.010624505722466822,0.2269940231057906,0.01703221930052949
2.1257869743954356,0.8779215859634942,-0.006553676827489363,0.1922766725833909,-0.008383300320789567,0.2272222444695905,0.013437339631100107
2.1334925990292644,0.8778656212882645,-0.004802081549785427,0.192366371614211,-0.006142177955880148,0.22739650856422372,0.009844001192012565
2.141193472154487,0.8778269483439052,-0.0030504317900096906,0.19242834990273952,-0.003901472298103105,0.22751691407299784,0.006252359633613034
2.148889676795502,0.8778055411284083,-0.0012991241821252112,0.19246265559930248,-0.0016615127507528093,0.22758355860859592,0.0026625659789473433
2.1545977693007345,0.8778007990600716,-1.5261077991601812e-13,0.19247025470411716,-6.564586114282678e-13,0.22759832101158906,4.515767100532475e-13