Time (TU),X (LU),Y (LU),Z (LU),VX (LU/TU),VY (LU/TU),VZ (LU/TU)
0,1.1808985497899205,-2.544498824115009e-26,0.00010295054075242347,3.3765359485568778e-15,-0.15585631393981156,5.526388187324422e-18
0.004213378034734815,1.1808972106348918,-0.0006566753394490821,0.00010294846586100519,-0.0006356628966569061,-0.155851877880075,-9.84903598999422e-7
0.013479359478463512,1.1808848448980451,-0.002100639291863069,0.00010292930528737661,-0.0020332926416506748,-0.1558109143060661,-0.000003150721682725363
0.022747880384021688,1.1808595240101367,-0.0035444203995491446,0.00010289006488812856,-0.003430337011288499,-0.15572702861421814,-0.0000053166199243489385
0.03201844927815093,1.180821251761763,-0.004987543891921277,0.00010283073823545716,-0.004826055691043394,-0.1556002209535985,-0.0000074821300423910965
0.04129056478797635,1.1807700409326691,-0.0064295334602964315,0.00010275132653384293,-0.006219707314348764,-0.15543051488854337,-0.000009646781333116115
0.050563698429263684,1.180705913484422,-0.007869908938610953,0.00010265183893179131,-0.007610547650097741,-0.15521795803567315,-0.000011810096923046766
0.05983731632086469,1.1806289005349961,-0.00930819004860282,0.00010253229250798444,-0.00899783365777406,-0.15496262198603264,-0.000013971599118130838
0.06911088636127584,1.1805390422916546,-0.010743897874218832,0.00010239271220493235,-0.0103808253392574,-0.154664602096504,-0.00001613081134961626
0.0783838643933156,1.1804363881601216,-0.012176553080854129,0.00010223313104879296,-0.011758784451143998,-0.15432401787364353,-0.00001828725522508767
0.08765572453041381,1.180320996376884,-0.01360568096175516,0.00010205358964030867,-0.013130979783732887,-0.1539410117833473,-0.000020440457852491113
0.09692592968582005,1.1801929342477466,-0.015030807232658962,0.00010185413659978939,-0.014496683528642557,-0.15351575007922783,-0.00002258994524578107
0.10619395214467521,1.1800522778241544,-0.016451461553793914,0.0001016348281497096,-0.01585517507185663,-0.1530484217731295,-0.000024735247363647123
0.11545929041245653,1.179899111464952,-0.01786718042496233,0.00010139572752753968,-0.017205744142925312,-0.1525392372299143,-0.000026875902235584572
0.12472140723369118,1.179733528715212,-0.019277498034299966,0.00010113690646549154,-0.018547682466309792,-0.15198843114789337,-0.000029011441873160963
0.13397980459379372,1.1795556309507575,-0.02068195804575454,0.00010085844319397867,-0.019880295388150653,-0.15139625811970034,-0.00003114140983604002
0.14323399261450157,1.1793655276621506,-0.02208010912247752,0.0001005604230112793,-0.02120289794524713,-0.150762993647033,-0.00003326535423668614
0.15248349325971297,1.1791633361960372,-0.023471505771828275,0.00010024293801581112,-0.02251481600658822,-0.15008893335820253,-0.00003538282878905221
0.16172783236021473,1.1789491817378792,-0.024855707419712596,0.00009990608722602885,-0.023815385729224956,-0.14937439303633496,-0.00003749339117015782
0.170966551260556,1.1787231968569516,-0.026232280424858596,0.00009954997602119353,-0.02510395577093288,-0.14861970719410394,-0.00003959660586224522
0.18019921872373662,1.178485520947573,-0.0276008000678385,0.00009917471542149317,-0.026379889426645996,-0.14782522730256528,-0.00004169204699577978
0.18942540697096336,1.1782363005663967,-0.028960847193689784,0.00009878042278732616,-0.02764256175145866,-0.14699132301775633,-0.000043779293024456264
0.1986446962877029,1.1779756891218391,-0.030312009132026384,0.00009836722150738549,-0.028891360695366287,-0.14611838125206938,-0.000045857927921287244
0.2078567080658826,1.1777038456663107,-0.031653884713005474,0.00009793523926388011,-0.030125691964466267,-0.14520680223859095,-0.00004792754872090253
0.21706106725909163,1.1774209356542173,-0.03298607890141099,0.00009748460941579896,-0.03134497425319688,-0.1442570021801681,-0.000049987757112871984
0.2262574046273816,1.177127130679142,-0.03430820332408765,0.0000970154707765546,-0.03254863996035075,-0.14326941249176392,-0.00005203816006073593
0.23544536868421873,1.1768226078628166,-0.035619878155349276,0.00009652796683744836,-0.03373613710690659,-0.14224447787376587,-0.00005407837255024944
0.24462465658317634,1.1765075484950387,-0.03692073659057165,0.0000960222437814453,-0.034906933505821615,-0.14118265185281903,-0.00005610802443820522
0.2537949388372933,1.176182140287716,-0.038210414227608396,0.00009549845429459794,-0.036060507307980966,-0.14008440449926038,-0.000058126743783410844
0.2629559348376865,1.1758465745410338,-0.03948855988132559,0.00009495675322215014,-0.03719635687670834,-0.1389502130096824,-0.000060134173576464675
0.27210735073869313,1.1755010480652943,-0.04075482691291331,0.00009439730086517834,-0.03831399313222362,-0.13778056832515853,-0.00006212995805416802
0.2812489250290832,1.1751457612778657,-0.042008879683282783,0.00009382026011944215,-0.03941294540266749,-0.13657596884013498,-0.00006411375270017847
0.29038040195845205,1.174780918919204,-0.04325038990450146,0.0000932257978390982,-0.04049275826469816,-0.13533692296140887,-0.00006608521840313121
0.29950155008187374,1.1744067290695195,-0.04447903922011063,0.00009261408344748826,-0.04155299386560185,-0.13406394591427986,-0.00006804402544072495
0.30861214770286954,1.1740234034587587,-0.04569451723662013,0.0000919852896482612,-0.04259323024739939,-0.13275756093494287,-0.00006998985027254603
0.3177119726902048,1.1736311576800431,-0.046896520228735465,0.00009133959299460659,-0.043613060308776964,-0.13141830015343414,-0.00007192237334856718
0.3268008280449402,1.1732302098704128,-0.04808475456703935,0.00009067717193714914,-0.044612094767762095,-0.13004670024729884,-0.00007384128450962544
0.33587850773785627,1.1728207819628953,-0.049258932241050456,0.00008999820910321512,-0.04558995840084776,-0.1286433068753018,-0.00007574627568917616
0.3449448326879959,1.1724030978765092,-0.05041877558139108,0.00008930288852292804,-0.04654629403304118,-0.12720866864480532,-0.00007763704845006883
0.35399962550418906,1.1719773844081387,-0.05156401396419198,0.00008859139731713216,-0.04748075977280392,-0.12574334032226375,-0.0000795133085812055
0.3630427138120049,1.171543870887404,-0.05269438427610199,0.00008786392534694216,-0.0483930294211287,-0.1242478818206788,-0.00008137476675076687
0.37207393476188905,1.1711027887555892,-0.05380963148786087,0.00008712066472839739,-0.04928279293328891,-0.12272285691976119,-0.0000832211393665141
0.38109312936747414,1.1706543716324935,-0.05490950794624095,0.00008636181016364892,-0.05014975583372493,-0.12116883366982135,-0.00008505214733305881
0.3901001323306053,1.1701988556452323,-0.05599377217090683,0.00008558755972811965,-0.050993638278698225,-0.11958638572099274,-0.0000868675139444314
0.39909479268785536,1.1697364782115416,-0.05706219137927784,0.00008479811303570334,-0.05181417702937199,-0.11797608829257214,-0.00008866696900572377
0.4080769615074905,1.1692674784558579,-0.05811453997301921,0.00008399367216198637,-0.05261112422223626,-0.11633851979864199,-0.00009045024624706988
0.4170464873843483,1.1687920972716404,-0.05915059903106295,0.00008317444198250452,-0.05338424697106568,-0.11467426226700043,-0.00009221708237318418
0.42600321606842645,1.1683105771814484,-0.0601701563099962,0.00008234063017067038,-0.05413332736672034,-0.11298390106344121,-0.00009396721695619715
0.4349469941701819,1.1678231619747788,-0.061173006698349824,0.00008149244680912254,-0.054858162797987935,-0.11126802383806024,-0.0000957003931166965
0.4438776742914593,1.1673300962508917,-0.06215895278496254,0.00008063010382366168,-0.055558566314421326,-0.1095272191273692,-0.00009741635843888815
0.4527951001150172,1.1668316260690854,-0.06312780320859887,0.00007975381635188847,-0.05623436540462887,-0.10776207886814212,-0.00009911486203025318
0.4616991112013092,1.1663279985394353,-0.06407937324961635,0.00007886380227779238,-0.05688540241663734,-0.10597319719724792,-0.00010079565543262456
0.470589549260021,1.1658194613085477,-0.06501348552205005,0.00007796028156543073,-0.05751153499594708,-0.10416116886536525,-0.00010245849375902614
0.47946624797978127,1.1653062629779,-0.06592996891146347,0.00007704347724167168,-0.058112635322181354,-0.10232659096925122,-0.00010410313373160248
0.4883290384829932,1.1647886526424938,-0.06682865919112049,0.00007611361482716346,-0.05868859049725136,-0.10047006156771097,-0.00010572933467948556
0.4971777461560946,1.1642668799208513,-0.06770939872495291,0.00007517092263863943,-0.059239302311897696,-0.09859218005159605,-0.00010733685791938869
0.5060121910086829,1.1637411947847076,-0.06857203654465716,0.00007421563173676535,-0.05976468726208063,-0.09669354680710751,-0.00010892546680229618
0.5148321865528698,1.1632118474762976,-0.069416428280217,0.00007324797603290879,-0.06026467647060142,-0.0947747632006581,-0.00011049492649514684
0.523637543523948,1.1626790881345004,-0.07024243655058982,0.00007226819186275468,-0.06073921587474337,-0.09283643051286397,-0.00011204500462403647
0.5324280656833292,1.1621431668948177,-0.07104993058913175,0.00007127651842352225,-0.061188265951112965,-0.09087915059266856,-0.00011357547050484313
0.5412035467616634,1.161604333930673,-0.07183878601707513,0.00007027319811757761,-0.06161180155782356,-0.08890352632133444,-0.00011508609461907026
0.5499637777994497,1.161062838856656,-0.07260888555531642,0.00006925847570957749,-0.062009812279877424,-0.08691015974509099,-0.00011657664988745104
0.5587085450045666,1.1605189307052566,-0.07336011884139565,0.00006823259853562461,-0.06238230225284084,-0.08489965229702577,-0.00011804691127304779
0.5674376240620858,1.1599728581318318,-0.0740923819754571,0.00006719581715450474,-0.06272928988022447,-0.08287260588318178,-0.00011949665482619328
0.576150788445818,1.1594248687482327,-0.0748055782652175,0.00006614838435336529,-0.06305080813836482,-0.08082962075156523,-0.00012092565908450682
0.5848478045163418,1.1588752092771382,-0.07549961782626893,0.00006509055569663284,-0.06334690430168212,-0.07877129639534942,-0.0001223337042466293
0.5935284331852845,1.15832412529833,-0.07617441774386297,0.00006402258930290008,-0.06361763994075677,-0.07669823095123285,-0.000123720572452447
0.6021924272746075,1.1577718612673962,-0.07682990189065539,0.00006294474614464184,-0.06386309076965395,-0.07461102162280005,-0.00012508604737142764
0.6108395406277719,1.1572186597855088,-0.07746600162750737,0.00006185728888188766,-0.06408334681465049,-0.07251026227452574,-0.0001264299156424416
0.6194695186281145,1.1566647620534514,-0.07808265507803155,0.00006076048299643195,-0.06427851202645736,-0.07039654549441743,-0.0001277519653685063
0.6280821044420944,1.1561104073252122,-0.07867980759406679,0.00005965459597116678,-0.06444870433691965,-0.06827046087932129,-0.0001290519870968242
0.6366770380346785,1.1555558328228894,-0.07925741166132837,0.0000585398973608837,-0.0645940554906639,-0.06613259505898574,-0.00013032977365187284
0.6452540557913322,1.1550012736153696,-0.07981542685372967,0.000057416658790031974,-0.06471471089519838,-0.06398353158691195,-0.00013158512007295706
0.6538128936916094,1.1544469622690907,-0.08035382000957933,0.000056285153480557596,-0.06481082950633665,-0.06182384994390213,-0.0001328178240677669
0.6623532848877256,1.1538931288624648,-0.08087256503022465,0.000055145656505428235,-0.06488258361482988,-0.05965412594329434,-0.00013402768563844313
0.6708749640002949,1.153340000568103,-0.08137164309355895,0.00005399844415103828,-0.06493015869658753,-0.05747493044718017,-0.00013521450767259804
0.6793776621347913,1.1527878018396205,-0.08185104229569223,0.00005284379451414671,-0.06495375317236776,-0.05528683044538519,-0.0001363780952168766
0.6878611184460921,1.1522367535276636,-0.08231075823396271,0.00005168198585775113,-0.06495357822281878,-0.05309038589524162,-0.00013751825703003847
0.6963250696555437,1.1516870734315061,-0.08275079331295392,0.000050513297944769214,-0.06492985749792078,-0.050886152224000746,-0.00013863480408665246
0.7047692571979537,1.1511389757103252,-0.08317115704440967,0.000049338010979884585,-0.06488282687477093,-0.04867467830888214,-0.00013972755049846628
0.7131934254649391,1.1505926708774386,-0.08357186583640476,0.000048156405758241186,-0.06481273417924228,-0.046456506756817645,-0.000140796313212629
0.721597323606693,1.1500483655686662,-0.08395294296078665,0.00004696876332204932,-0.06471983888935849,-0.04423217326821756,-0.0001418409121764614
0.729980702335001,1.1495062626397028,-0.08431441828434538,0.00004577536532128346,-0.06460441188203055,-0.04200220733228494,-0.00014286116987475414
0.7383433266555004,1.1489665602393841,-0.0846563286741531,0.00004457649210359757,-0.06446673494551397,-0.03976712869283765,-0.00014385691279535272
0.7466849655165796,1.1484294523839542,-0.08497871736381377,0.000043372424073639985,-0.06430710055801579,-0.037527449945389355,-0.00014482797003778527
0.7550053917520017,1.1478951288685217,-0.0852816338199012,0.00004216344161576732,-0.0641258115940544,-0.03528367644433582,-0.00014577417324453112
0.7633043919035847,1.14736377455199,-0.08556513393413356,0.000040949823569077725,-0.0639231807761741,-0.03303630354230778,-0.0001466953576192061
0.7715817638506735,1.1468355694369425,-0.0858292797062828,0.00003973184745057838,-0.06369953031801663,-0.030785817101096454,-0.00014759136148170698
0.779837312926184,1.1463106888501906,-0.0860741389144856,0.00003850978992047367,-0.06345519165349117,-0.0285326944498712,-0.00014846202570427525
0.7880708584323836,1.1457893029672248,-0.08629978511033864,0.000037283925718578164,-0.06319050488005976,-0.02627740252943135,-0.0001493071942661019
0.7962822363666783,1.1452715765921577,-0.08650629743405572,0.000036054527140384793,-0.06290581824140745,-0.024020397057876865,-0.0001501267143249684
0.8044712853264395,1.1447576700034474,-0.08669376002606104,0.00003482186604401673,-0.06260148821998833,-0.021762126346046948,-0.00015092043463432774
0.8126378682420248,1.144247737549352,-0.08686226232810117,0.0000335862104937288,-0.06227787837930816,-0.019503025277458074,-0.0001516882075211886
0.8207818563285377,1.143741928632236,-0.08701189843837108,0.00003234782706654934,-0.06193535952585402,-0.01724351969160485,-0.00015242988709775687
0.8289031395849202,1.1432403870336687,-0.08714276708224859,0.00003110697917159733,-0.06157430889953502,-0.014984023467538443,-0.00015314533005391384
0.8370016165542651,1.1427432515380187,-0.08725497117740334,0.000029863928519443426,-0.06119511021502256,-0.012724941367992551,-0.0001538343945277201
0.8450772176962067,1.14225065449627,-0.0873486178903545,0.000028618931446500458,-0.060798152163451996,-0.010466662533317439,-0.00015449694186654762
0.8531298752157624,1.1417627236863328,-0.0874238179379738,0.000027372243459841254,-0.06038382941462172,-0.008209568924037649,-0.00015513283381100463
0.8611595478524092,1.1412795808113076,-0.08748068562629156,0.000026124115345293815,-0.05995254102882885,-0.005954028441833934,-0.00015574193431778748
0.869166204735921,1.140801342503153,-0.08751933840399045,0.00002487479558834503,-0.059504690876650806,-0.0037003995088886925,-0.00015632410800602847
0.8771498372788494,1.1403281196351283,-0.08753989667686125,0.00002362452846101745,-0.05904068662415086,-0.0014490278051354066,-0.00015687922081027985
0.8851104576711386,1.1398600174578728,-0.08754248347450011,0.000022373554184056227,-0.05856093939456192,0.0007997532283374143,-0.0001574071395368672
0.8930481060723463,1.1393971352333396,-0.08752722411346468,0.000021122107729153098,-0.058065862911177116,0.003045624326307944,-0.00015790773197853924
0.9009688565344176,1.1389392206364195,-0.0874942140384378,0.000019869467523932053,-0.05755547991733736,0.005289983249284161,-0.00015838121553595212
0.9088737447528823,1.138486317061444,-0.08744353451233426,0.000018615700574029623,-0.05703010848968448,0.007532811923164697,-0.0001588274498249075
0.9167627878744888,1.1380385238299198,-0.08737526982959398,0.000017361034533293273,-0.0564901347766307,0.009773808493224593,-0.0001592462261764049
0.9246360179574016,1.1375959356913958,-0.08728950627086808,0.000016105695004960127,-0.055935949364093435,0.01201267938068554,-0.000159637334244808
0.9324934899432074,1.1371586424077365,-0.08718633177280866,0.00001484990424737358,-0.055367946443129624,0.01424914141471946,-0.00016000056210793958
0.9403352667121075,1.1367267296249568,-0.08706583587096639,0.000013593883544124159,-0.054786524618576374,0.016482917429790925,-0.00016033569525815056
0.9481614404070664,1.13630027773183,-0.08692810916674429,0.00001233784978487884,-0.0541920851051499,0.018713742170359635,-0.00016064251726234972
0.9559721154281,1.135879362852482,-0.08677324331429062,0.000011082018181910945,-0.05358503271718372,0.020941357268583274,-0.00016092080866785506
0.9637674210288297,1.13546405621409,-0.08660133055206008,0.000009826600253519579,-0.05296577467399636,0.02316551463760585,-0.00016117034716214702
0.9715475122058114,1.1350544241777363,-0.08641246336656913,0.000008571803685433685,-0.05233472024749129,0.025385976515775066,-0.00016139090714386412
0.9793125521013892,1.1346505292330302,-0.08620673465828275,0.000007317835189054893,-0.05169228196217713,0.02760251021479307,-0.00016158225884459413
0.9870627332151218,1.1342524289475149,-0.08598423698798133,0.0000060648971110442155,-0.05103887367473254,0.02981489392722148,-0.00016174416857755381
0.9947982857725032,1.1338601756488746,-0.08574506195640771,0.0000048131861086408185,-0.05037490957954865,0.03202291885319288,-0.0001618763983082289
1.002519442582553,1.1334738183079849,-0.0854893009670692,0.0000035628988808815576,-0.049700806992630533,0.03422637888657041,-0.00016197870452725914
1.0102264729909147,1.1330934008961617,-0.08521704394123021,0.000002314226735188095,-0.04901698327900638,0.03642508000680286,-0.00016205083844240796
1.0179196736955094,1.132718962967965,-0.08492837925497498,0.0000010673571390960997,-0.048323856422545844,0.03861883733594804,-0.00016209254522272845
1.0255993661180678,1.1323505398973788,-0.08462339353505895,-1.7752577316285648e-7,-0.047621845090822394,0.04080747404813302,-0.00016210356344337047
1.0332659084297977,1.1319881624179036,-0.08430217086442969,-0.0000014202430565946204,-0.046911367372915465,0.042990824433449384,-0.00016208362451648097
1.040919675034393,1.131631857719575,-0.08396479330571435,-0.000002660617522746598,-0.04619284252478097,0.045168727668059704,-0.0001620324521021721
1.0485610755716241,1.1312816486625772,-0.08361133982755299,-0.000003898476699694493,-0.045466689103887174,0.047341032822757055,-0.00016194976150467062
1.056190557304315,1.1309375538178956,-0.0832418858113791,-0.000005133653081441824,-0.04473332459996273,0.04950759910271023,-0.0001618352588714201
1.0638085874583585,1.1305995884023021,-0.08285650356967492,-0.000006365981116200559,-0.043993167036841564,0.05166829037335486,-0.00016168864074418994
1.0714156851589263,1.1302677629908915,-0.08245526043017433,-0.000007595302204757391,-0.04324663181445044,0.05382298373813005,-0.00016150959277557545
1.0790123977746555,1.1299420847355464,-0.08203821952558091,-0.000008821460680535344,-0.042494133926185416,0.05597156230245745,-0.00016129778927655129
1.0865993121338529,1.129622557022164,-0.08160543886958534,-0.000010044305413761876,-0.041736086838601257,0.058113917805630376,-0.00016105289216057316
1.0941770535991848,1.1293091796759294,-0.08115697102745706,-0.00001126368942924459,-0.04097290256886826,0.06024994977323178,-0.00016077455005023643
1.1017462911291784,1.1290019489212364,-0.08069286243306635,-0.00001247947046491156,-0.04020499118892136,0.062379566322198335,-0.0001604623971306176
1.1093077309917345,1.1287008578115412,-0.08021315338160434,-0.00001369150968119777,-0.03943276150396595,0.06450268173116996,-0.00016011605239220963
1.1168621269611552,1.1284058959914982,-0.07971787701294816,-0.000014899672993025299,-0.03865662009079258,0.06661921860922743,-0.0001597351181589925
1.1244102913351428,1.128117049473561,-0.07920705811814105,-0.000016103832484896104,-0.037876970249579235,0.06872911021638478,-0.00015931917826666515
1.1319530715846005,1.1278343017389285,-0.07868071425099238,-0.00001730386230826274,-0.03709421453945455,0.07083229312247466,-0.00015886779804164105
1.1394913839676504,1.1275576326577241,-0.07813885299030761,-0.000018499643634474365,-0.03630875147251057,0.07292871573837051,-0.0001583805211044221
1.1470261862927775,1.1272870197255025,-0.07758147335479618,-0.00001969105987343853,-0.035520978541579526,0.07501832979446431,-0.00015785686955507514
1.1545585083776586,1.1270224371633122,-0.07700856312290216,-0.0000208780010170437,-0.03473128929401677,0.0771010978199667,-0.00015729634049137012
1.1620894346745851,1.1267638567807206,-0.07642009957109797,-0.000022060360349735303,-0.0339400754334241,0.07917698724598134,-0.00015669840551560372
1.1696201158732602,1.1265112477905566,-0.07581604808764715,-0.000023238035701330357,-0.03314772594630161,0.08124597247858625,-0.00015606250820959927
1.17715177605326,1.1262645768165411,-0.0751963610262929,-0.000024410929923560812,-0.03235462673853086,0.08330803562074102,-0.00015538806163956374
1.18468571789765,1.1260238079891731,-0.07456097665168732,-0.00002557895099026181,-0.03156116053267494,0.08536316654282142,-0.00015467444579484574
1.1922232992625643,1.1257889039398636,-0.07390982054029363,-0.000026742007613385656,-0.0307677098444018,0.08741135506173675,-0.00015392100776438484
1.199765969504699,1.1255598248834535,-0.073242801939645,-0.000027900014064480565,-0.02997465372574415,0.08945259931725966,-0.00015312705617453489
1.207315269092807,1.125336528935188,-0.07255981305838083,-0.000029052889178258654,-0.029182368448324402,0.0914869039309351,-0.00015229185859796075
1.214872810212842,1.1251189729543831,-0.071860730158097,-0.000030200552411527724,-0.02839123025077645,0.09351427295771614,-0.000151414641188175
1.222440290636329,1.1249071123657755,-0.07114541172309462,-0.00003134292494378737,-0.027601614654496093,0.0955347117160771,-0.00015049458478157528
1.230019504480586,1.1247009011167517,-0.0704136967853542,-0.00003247993017130985,-0.026813896192045224,0.09754822755804819,-0.00014953082092054867
1.2376123059619095,1.1245002928943244,-0.06966540782191794,-0.00003361148708116172,-0.026028453084929383,0.0995548180134499,-0.00014852243386203454
1.2452206284483434,1.1243052407596716,-0.06890034849586488,-0.000034737511925544635,-0.025245666193176985,0.1015544735838013,-0.00014746845598919355
1.2528464612740158,1.1241156978893878,-0.06811830556552988,-0.000035857913525760184,-0.024465922376103438,0.10354716921346117,-0.00014636786879473242
1.2604918334066937,1.12393161802868,-0.06731905037280603,-0.00003697258965271644,-0.023689617102017252,0.10553285758976488,-0.0001452196036442635
1.2681587769440077,1.1237529563135915,-0.06650234271959068,-0.00003808142055474188,-0.022917159014995876,0.10751145726320493,-0.00014402254638107442
1.2758492933813101,1.1235796698462188,-0.06566793489858849,-0.0000391842630989905,-0.02214897401645696,0.10948284171371278,-0.0001427755428769848
1.2835652554719694,1.1234117194773874,-0.06481558332400399,-0.00004028093603415576,-0.021385515426218096,0.11144681234184511,-0.000141477416992462
1.2913083507985834,1.1232490702696212,-0.06394505660696045,-0.000041371211890176616,-0.02062726934519129,0.11340308301492596,-0.00014012698497708318
1.299079924299949,1.1230916937097013,-0.06305615595955424,-0.00004245479541329639,-0.019874769118909955,0.11535124011520774,-0.00013872309088766132
1.3068808133135743,1.1229395693632884,-0.06214873831659329,-0.00004353130248129204,-0.019128609043769215,0.11729070285622686,-0.0001372646498323395
1.3147111332356076,1.1227926867301978,-0.06122274724011868,-0.00004460023408337215,-0.01838946090296145,0.11922067402773767,-0.00013575070786409104
1.3225699762118226,1.1226510477456222,-0.06027825678257792,-0.00004566094107482726,-0.01765809604865739,0.12114007319643133,-0.00013418052863581518
1.3304550838548495,1.12251466850555,-0.05931552189928605,-0.00004671258905796274,-0.016935406252961225,0.12304746900149713,-0.00013255369828038424
1.3383624658754532,1.1223835806233493,-0.05833503915549712,-0.00004775412039829695,-0.01622242510117196,0.12494100502089922,-0.00013087025607596634
1.3462860499607037,1.122257830732842,-0.05733760745854163,-0.000048784225457069754,-0.015520341379746625,0.1268183410983023,-0.00012913083454800723
1.3542174298777583,1.122137477438883,-0.05632437955515897,-0.000049801331611270385,-0.01483049860949166,0.1286766260644765,-0.00012733679212086445
1.362145798946427,1.1220225851129602,-0.05529689135883831,-0.00005080362006072756,-0.014154374293667185,0.13051252079816328,-0.00012549031268735457
1.3700582410839919,1.1219132132339669,-0.05425704363635247,-0.0000517890893714239,-0.013493527014465137,0.1323223075061243,-0.0001235944206514404
1.3779403740815201,1.121809403077895,-0.053207032016530945,-0.0000527556600625029,-0.012849516860763105,0.13410207650925363,-0.00012165289471209663
1.3857773274320997,1.121711163501651,-0.05214922334140813,-0.00005370131262229618,-0.012223806169001207,0.13584797813471045,-0.00011967006713797374
1.393554888945833,1.1216184589710712,-0.05108599742496222,-0.0000546242338217633,-0.011617659039987672,0.13755649454375593,-0.00011765053581781334
1.401260527477345,1.1215312033498974,-0.05001959369517901,-0.00005552293406160942,-0.011032065072658949,0.1392246626884272,-0.00011559886054630285
1.408884111271643,1.1214492603005433,-0.04895199059649073,-0.000056396316213794265,-0.010467699600771836,0.1408502109859155,-0.00011351930061417671
1.4164182601074284,1.1213724492155321,-0.047884831015620376,-0.00005724369306595443,-0.00992492082693651,0.14243160248820527,-0.00011141562720414537
1.4238582599868053,1.1213005556098548,-0.046819408792308906,-0.00005806475091699339,-0.009403803389649449,0.14396797796194544,-0.00010929104975678453
1.4312017769329197,1.121233342126625,-0.045756686965682046,-0.000058859491387961524,-0.008904185823796314,0.1454590570472935,-0.0001071482073659686
1.4384483827680186,1.1211705593958639,-0.04469734791270391,-0.0000596281561576849,-0.008425727654927285,0.14690500547206845,-0.00010498923062499596
1.445599138354099,1.1211119543248684,-0.043641840577838376,-0.00006037116304811255,-0.007967957526127157,0.1483063213394912,-0.0001028158064164208
1.4526561855997484,1.1210572765933413,-0.042590431083476515,-0.00006108904798198008,-0.007530315803969946,0.1496637304896338,-0.00010062925779125422
1.4596223451833685,1.1210062836056782,-0.04154325668938321,-0.0000617824125927445,-0.0071121917778338775,0.1509780907306531,-0.00009843063875384615
1.466500911483108,1.1209587428249623,-0.04050035349582369,-0.00006245189598587238,-0.006712944534323774,0.15225034036545204,-0.00009622078075908096
1.4732954437088903,1.1209144334674952,-0.03946168666026941,-0.00006309814881689053,-0.006331921304264752,0.15348145020576265,-0.00009400034862805627
1.480009597337807,1.1208731473784534,-0.038427176142521655,-0.0000637218138519044,-0.005968470906208358,0.15467238714783976,-0.00009176989074208383
1.4866470504369689,1.1208346889668137,-0.037396708959752174,-0.00006432351731418102,-0.0056219500894413126,0.15582409780011627,-0.00008952986293528738
1.4932114382703758,1.1207988749427256,-0.03637015065895679,-0.00006490386199709745,-0.005291728379191334,0.15693749520537448,-0.00008728065214743129
1.4997063011473097,1.1207655338788747,-0.035347355100334085,-0.00006546342244488572,-0.004977191339982954,0.15801344931126385,-0.00008502259760864078
1.506135049543131,1.1207345056272329,-0.03432817176360739,-0.00006600274233247848,-0.004677742290835834,0.1590527815219133,-0.00008275600749230767
1.512500953836845,1.120705640609427,-0.03331244924301582,-0.00006652233436508763,-0.004392802414678911,0.16005626402932388,-0.0000804811676747807
1.5188071665244005,1.120678799004177,-0.03230003347613035,-0.00006702268291994443,-0.004121809276019637,0.16102462443795726,-0.00007819833884467815
1.5250566826401721,1.120653850255688,-0.03129077575816292,-0.00006750424175100303,-0.0038642179700768705,0.16195854085649575,-0.00007590777567050113
1.531252361054445,1.120630672345073,-0.030284530973334233,-0.00006796743677247563,-0.00361949942638863,0.16285864680679107,-0.00007360972418524012
1.5373969310333735,1.1206091511885399,-0.02928115802940956,-0.00006841266754966045,-0.003387139418151549,0.16372553367524653,-0.00007130442400846683
1.5434929863317028,1.1205891801247096,-0.028280522226314025,-0.00006884030788548268,-0.003166638027673346,0.1645597514309286,-0.00006899211500858938
1.5495430119146554,1.120570659335888,-0.027282492179190293,-0.00006925070870777102,-0.0029575079145482967,0.1653618138583682,-0.00006667303138374847
1.5555493673369318,1.1205534954576803,-0.026286943740230377,-0.00006964419783545844,-0.0027592742054495774,0.16613219773859664,-0.00006434741182683611
1.5615143173844541,1.1205376010791877,-0.025293756044281687,-0.00007002108294396368,-0.0025714727536487385,0.16687134830858397,-0.00006201549136950809
1.5674400106064863,1.1205228944324674,-0.024302816088008015,-0.00007038165102582406,-0.002393650184890773,0.16757967789420344,-0.000059677513061529335
1.5733285332396019,1.1205092989182677,-0.0233140106585386,-0.0000707261725056775,-0.0022253616424892696,0.16825757370335065,-0.000057333709843107106
1.5791818651032559,1.1204967429132138,-0.022327234549375383,-0.00007105489923501057,-0.002066171577699316,0.16890539363095478,-0.00005498432470248098
1.5850019083771356,1.1204851594163827,-0.021342386549805352,-0.0000713680669694748,-0.0019156523313217568,0.1695234708862995,-0.00005262960200730287
1.5907905001830391,1.120474485772708,-0.020359368034360573,-0.00007166589665034974,-0.0017733833351688969,0.17011211630521053,-0.00005026978479109688
1.5965494141722174,1.1204646634433284,-0.01937808334709446,-0.00007194859500283386,-0.0016389506547213513,0.17067161933613118,-0.000047905116253914
1.6022803398114,1.1204556378272725,-0.018398443965872043,-0.00007221635411613363,-0.0015119470203081317,0.17120224702211412,-0.00004553585040888593
1.6079849178439165,1.120447358005501,-0.017420363052059788,-0.00007246935376185026,-0.001391970570620916,0.17170424841974546,-0.00004316223952667816
1.6136647580021997,1.1204397765485203,-0.01644375291577954,-0.00007270776250148398,-0.0012786241861628606,0.1721778566514371,-0.000040784528381002805
1.6193214023952465,1.1204328494114257,-0.015468531787818375,-0.0000729317364702615,-0.0011715159280507612,0.17262328635380222,-0.000038402971124139874
1.624956346560549,1.1204265357552785,-0.014494620689100027,-0.00007314142077576748,-0.001070258248462329,0.1730407363240696,-0.00003601782414880519
1.6305710425891728,1.1204207978110294,-0.013521943329244232,-0.00007333695000712947,-0.00097446763177572,0.17343039041692024,-0.000033629346231935225
1.6361669222114748,1.120415600738063,-0.012550422507848165,-0.00007351844933612152,-0.0008837639430935243,0.17379241963403036,-0.00003123779003011868
1.6417453723039002,1.120410912542417,-0.011579984734386628,-0.00007368603392669042,-0.0007977706061273511,0.17412698085201697,-0.000028843413733623196
1.6473077418564606,1.120406703968285,-0.010610559395425953,-0.00007383980953965688,-0.0007161142171679158,0.17443421793834682,-0.000026446479363892457
1.6528553648807995,1.1204029483916644,-0.009642075105271557,-0.00007397987343179194,-0.0006384239828983003,0.1747142634674041,-0.000024047244035079188
1.6583895281920398,1.1203996217634793,-0.008674465650437594,-0.0000741063137421201,-0.0005643319724719347,0.17496723742149442,-0.00002164597492997349
1.6639115212418119,1.1203967025051558,-0.007707661595805656,-0.0000742192109310724,-0.0004934722295721339,0.17519325000304373,-0.0000192429287440009
1.6694225958035147,1.1203941714707708,-0.006741597622436186,-0.00007431863699260045,-0.00042548113990754563,0.17539239999975073,-0.000016838370109725443
1.6749239912859624,1.1203920118751918,-0.005776208385250273,-0.00007440465620377546,-0.00035999691432870613,0.17556477623110311,-0.000014432561538498438
1.6804169223302614,1.1203902092498566,-0.00481143095994267,-0.0000744773250641335,-0.0002966595729176802,0.17571045737926017,-0.000012025769718974425
1.6859025945899824,1.120388751393055,-0.003847202337703735,-0.00007453669269340399,-0.000235110594866776,0.17582951274363023,-0.000009618259472807544
1.6913821998052128,1.1203876283353777,-0.0028834605433988875,-0.00007458280085997942,-0.00017499282633870418,0.17592200226070334,-0.000007210296726018111
1.69685691842687,1.1203868323078514,-0.0019201444228804563,-0.00007461568412449428,-0.00011595030225670693,0.17598797675927777,-0.000004802148159018049
1.7023279345614792,1.120386357715554,-0.0009571912549912679,-0.00007463536998250579,-0.00005762794438296034,0.17602747821856318,-0.000002394075407456182
1.7077963946285213,1.1203862011215022,0.000005455733563732132,-0.00007464187879939823,3.2813705660270803e-7,0.176040539613757,1.3645976980957413e-8
1.7132634748747984,1.1203863612274703,0.0009678590172961248,-0.00007463522408620951,0.00005827149754364421,0.17602718544997606,0.0000024207554950614702
1.718730526159651,1.1203868388922233,0.0019301120187701004,-0.00007461541143452793,0.0001165570456869019,0.17598742960971048,0.00000482707066100119
1.7241988955334209,1.1203876371492862,0.0028923074273940934,-0.00007458243770701598,0.00017553938204704193,0.17592127371914634,0.000007232407484183095
1.7296697376984176,1.1203887611657393,0.003854503769327718,-0.00007453629290953615,0.00023557095443759192,0.17582871090125093,0.000009636496669867306
1.73514422125381,1.1203902182548393,0.004816761480894482,-0.00007447696003629116,0.0002970043780563776,0.17570972546545427,0.000012039073681788641
1.7406234963775875,1.1203920178819473,0.005779136995113991,-0.00007440441539184648,0.000360192202767478,0.1755642935576676,0.000014439863819309148
1.7461087516130136,1.1203941717008745,0.006741692484233429,-0.00007431862788542872,0.0004254876890863476,0.1753923817536152,0.000016838606373854442
1.7516011608192823,1.1203966935632588,0.00770448629928755,-0.00007421955962797806,0.0004932443374827168,0.17519394826838974,0.000019235030606677936
1.757101919601883,1.1203995995621863,0.008667579122001386,-0.00007410716536443314,0.0005638164496807546,0.17496894183530604,0.000021628870923210842
1.7626122370888457,1.1204029080676383,0.009631032265466083,-0.0000739813924627341,0.0006375591835780262,0.17471730170561606,0.000024019862450746526
1.7681333262093657,1.1204066397629322,0.010594905718322268,-0.00007384218106857714,0.0007148285631940457,0.17443895798355472,0.00002640773601007144
1.7736664351470153,1.1204108177148233,0.011559263370844588,-0.00007368946322197248,0.0007959820652771483,0.1741338298901413,0.000028792230878600046
1.7792128084782737,1.1204154674028675,0.012524165955594807,-0.00007352316372431314,0.0008813782282400176,0.17380182753202186,0.00003117307710975715
1.784773730596723,1.1204206168150028,0.01348967832889287,-0.00007334319880885254,0.0009713774506710919,0.17344284928586917,0.00003355001333282686
1.7903505069769918,1.1204262965063496,0.014455865895309094,-0.00007314947643380049,0.0010663419100752627,0.1730567824323123,0.00003592277766776891
1.7959444440560657,1.1204325396532284,0.015422790823014818,-0.00007294189690543637,0.0011666353654524331,0.17264350444737353,0.00003829109824080996
1.801556911462328,1.1204393822061143,0.016390522483392726,-0.00007272035044873237,0.00127262443262458,0.17220287822144695,0.00004065471854378077
1.8071892933052849,1.1204468629360942,0.017359128662418077,-0.00007248471867805384,0.0013846779585670378,0.17173475505647434,0.00004301337558670917
1.8128430061741088,1.1204550235581678,0.018328678312906053,-0.00007223487374323553,0.0015031675366422874,0.17123897303737268,0.000045366806385490424
1.8185195135074308,1.1204639088691046,0.019299243623457522,-0.00007197067740593449,0.0016284680458437133,0.17071535528009663,0.00004771475266399367
1.824220294115362,1.1204735668249335,0.020270894223224603,-0.00007169198222163552,0.0017609571941946214,0.17016371236202052,0.00005005694650944481
1.8299469208619712,1.1204840488122711,0.021243710156269878,-0.00007139862740567026,0.0019010175927671776,0.16958383423555315,0.00005239314130777153
1.8357009617743174,1.120495409633273,0.022217764554837083,-0.00007109044332883696,0.0020490347313124584,0.16897549923465863,0.0000547230695989245
1.8414840592018993,1.1205077078079773,0.023193136620949253,-0.00007076724725479411,0.002205399122832048,0.16833846575845246,0.000057046473949693696
1.8472979129847307,1.120521005733164,0.024169908196256102,-0.00007042884368699297,0.002370506267061845,0.16767247309554578,0.00005936309819968821
1.8531442866646821,1.1205353698985019,0.025148164214734606,-0.00007007502354792667,0.0025447571787814574,0.166977239952919,0.00006167268802682489
1.8590250007252207,1.1205508710888143,0.02612799094340228,-0.00006970556412192685,0.002728558545165287,0.16625246449924355,0.00006397498626507835
1.8649419477839995,1.1205675846588272,0.02710947785489421,-0.00006932022765745763,0.0029223235453976547,0.16549782178791136,0.00006626973678074573
1.8708971005142774,1.1205855908195945,0.028092718201189592,-0.0000689187602810208,0.003126472535392563,0.16471296181782855,0.00006855668517019006
1.8768925008735982,1.12060497489151,0.029077806447476644,-0.00006850089215145979,0.0033414331048618393,0.16389751003618527,0.00007083557212838915
1.8829303010227034,1.1206258277480494,0.03006484414672822,-0.00006806633400911519,0.003567641987581348,0.163051060822131,0.00007310614633366541
1.8890127300441373,1.1206482460554856,0.031053933527145205,-0.00006761477878913312,0.0038055443830275356,0.16217318088172075,0.00007536814880116867
1.8951421197402016,1.1206723327303667,0.03204518072958067,-0.00006714589913305842,0.0040555953796465646,0.16126340465483208,0.00007762131956908255
1.9013209198583318,1.1206981974151398,0.033038697159337646,-0.00006665934542917588,0.004318261142081999,0.1603212307988658,0.00007986539981903923
1.9075516780973794,1.1207259568461658,0.03403459507787989,-0.00006615474657747644,0.004594018627675376,0.15934612397504308,0.00008210012092902555
1.9138370749491702,1.1207557354881013,0.03503299192933545,-0.00006563170643938488,0.004883357615936562,0.15833750829811077,0.00008432521325655195
1.9201798882170733,1.1207876658974756,0.03603400332661434,-0.00006508980595174428,0.005186779624292981,0.1572947717530342,0.000086540389449179
1.926583051495307,1.1208218895750162,0.03703775086383226,-0.00006452859742125938,0.0055048011213110455,0.15621725555138696,0.00008874536080322233
1.9330496243773192,1.1208585574523737,0.03804435578131648,-0.00006394760612368202,0.005837952673971392,0.1551042575980521,0.00009093982205923345
1.9395827664277236,1.1208978303873214,0.039053933315474604,-0.00006334633200299191,0.006186777878194451,0.15395503609199201,0.00009312343822140668
1.94618577206505,1.1209398800433388,0.04006659645151696,-0.00006272424596470625,0.006551835307639349,0.15276880276359195,0.00009529585199408009
1.9528620273286095,1.1209848893446384,0.0410824475053842,-0.0000620807933890308,0.00693369618859289,0.15154472990256193,0.00009745666498311515
1.9596149586899771,1.121033052816309,0.04210156873783052,-0.00006141539906357471,0.007332940955508191,0.1502819599482602,0.0000996054177371134
1.9664480577757482,1.1210845774213538,0.0431240245992975,-0.00006072746511571717,0.007750159752686986,0.14897960166471572,0.00010174159503778913
1.9733647269074286,1.1211396820183248,0.04414983727125987,-0.00006001638730254309,0.008185941573511237,0.14763676094707198,0.00010386457595498449
1.9803682560357094,1.121198597561527,0.045178982640105246,-0.000059281559402096745,0.0086408700540561,0.14625254872105647,0.00010597362857497391
1.9874616393268507,1.121261565756166,0.046211363274734255,-0.00005852239526495229,0.00911550789461316,0.14482612178310267,0.00010806785902102953
1.9946473833128588,1.1213288370587855,0.047246781858693646,-0.00005773835411941801,0.009610378329705203,0.14335672901071014,0.00011014616510225093
2.001927287841347,1.1214006677175654,0.04828491267704407,-0.00005692897129105289,0.010125942213789024,0.141843766849445,0.00011220719009658446
2.009302087869132,1.121477314462923,0.04932525593522022,-0.00005609390743134512,0.010662562173543399,0.14028686826495076,0.0001142492475888023
2.016771095345601,1.1215590277580032,0.05036709599629192,-0.00005523300191697559,0.011220462622664176,0.13868599790035,0.00011627026116648633
2.0243317715099733,1.1216460426141035,0.05140945432879131,-0.00005434633844459486,0.011799680497460429,0.137041568179585,0.00011826770132777461
2.0319793410125433,1.1217385678904754,0.05245105339298041,-0.000053434310114603604,0.012400015028599807,0.13535455252032644,0.00012023855148185188
2.0397064802861102,1.1218367744955176,0.05349029564369692,-0.0000524976790902784,0.013020980284826442,0.13362658672121894,0.0001221793093570018
2.047503266087374,1.1219407852208145,0.0545252814944724,-0.00005153760632194635,0.013661777568346132,0.13186001382146884,0.00012408606500549147
2.0553574277164164,1.1220506679629134,0.055553868711522826,-0.00005055564196676669,0.014321295335519854,0.13005785646727377,0.00012595465277091827
2.06325503794732,1.122166435876951,0.05657378645010562,-0.00004955365503312939,0.014998152559235837,0.12822367904188056,0.00012778089256245176
2.0711814663451498,1.1222880540455704,0.05758277546878379,-0.00004853371958561731,0.01569077524344416,0.12636137329912264,0.0001295608595144441
2.079122494104095,1.1224154526696999,0.05857873781367507,-0.00004749796807673852,0.016397499379150852,0.12447488810267042,0.00013129114711431082
2.0870652920871944,1.1225485428702047,0.05955985658340515,-0.00004644845054262568,0.017116673560481126,0.12256797440446769,0.00013296905411860533
2.094999108888616,1.1226872319963799,0.06052466862187849,-0.00004538702316793892,0.017846743845514455,0.12064398748085785,0.00013459267163879295
2.102915588311945,1.1228314356352755,0.06147208426104715,-0.000044315281677683015,0.01858630864768913,0.11870577305865666,0.00013616086957472342
2.1108087275660834,1.1229810846575718,0.06240136048361504,-0.000043234542907901124,0.019334139915020893,0.11675564170954236,0.0001376732030566789
2.118674639605663,1.123136128637656,0.06331205133694372,-0.00004214585598321005,0.02008918250397074,0.1147953965204909,0.00013912978607872687
2.12651118557227,1.1232965358746505,0.06420394593988976,-0.0000410500357638951,0.020850536496175517,0.11282639997162723,0.0001405311532531836
2.134317595183501,1.1234622917515529,0.065077009129099,-0.000039947702793566516,0.021617433419580365,0.1108496512028401,0.00014187813545781075
2.1420941194921066,1.1236333962581033,0.06593132990114776,-0.000038839323044931685,0.022389211287603256,0.1088658616039036,0.000143171756847607
2.1498417326473587,1.1238098611571026,0.06676707908805307,-0.0000377252443112037,0.023165290958425767,0.10687552321563235,0.00014441315398692933
2.157561897822098,1.1239917073652035,0.06758447724857528,-0.0000366057262036872,0.023945156221743074,0.10487896471720097,0.00014560351681333403
2.1652564026783687,1.1241789629911458,0.06838377248121344,-0.00003548096210070492,0.024728339004595624,0.10287639229937563,0.00014674404906384506
2.1729272226821714,1.124371661323082,0.06916522301072699,-0.00003435109840973807,0.025514406134422254,0.10086792519820909,0.00014783593910323083
2.1805764277779884,1.1245698393101624,0.06992908570988825,-0.00003321624844530668,0.02630294966202944,0.0988536212244169,0.0001488803418100688
2.1882061117248286,1.1247735362068108,0.07067560795453051,-0.00003207650357576901,0.027093578982261102,0.09683349714210981,0.00014987836689936564
2.1958183443568795,1.1249827925069014,0.07140502252484507,-0.00003093194135257467,0.027885915008348618,0.09480754347878821,0.00015083107265285778
2.203415152264344,1.1251976494497753,0.07211754574323656,-0.000029782629573763328,0.028679587152059958,0.09277573199567667,0.0001517394646808846
2.2109985017169405,1.1254181484835817,0.07281337607191439,-0.00002862863006099068,0.02947423049958642,0.09073802257076484,0.00015260449562528873
2.2185702702970915,1.1256443302890873,0.07349269193843588,-0.00002747000419799624,0.030269481798837806,0.08869437312158779,0.00015342706424434352
2.226132258073851,1.1258762348808304,0.0741556533559949,-0.000026306812441066678,0.03106497962811165,0.08664473883950834,0.00015420801938057765
2.233686168127838,1.1261139007705283,0.07480240083442743,-0.000025139118450808692,0.031860361416415024,0.08458907955771426,0.00015494816061448368
2.24123360790536,1.1263573647044023,0.07543305627005897,-0.000023966989995675123,0.03265526272390376,0.08252736140403502,0.00015564824137018085
2.2487761222088993,1.1266066624531603,0.07604772638393256,-0.00002279049482839028,0.03344931993849022,0.08045954961924273,0.00015630897461329623
2.256315141992537,1.12686182686521,0.0766464991685988,-0.000021609709579274268,0.034242164182756746,0.07838562426577307,0.00015693103075502314
2.2638520396537314,1.1271228893975556,0.07722944911520847,-0.00002042471200311106,0.03503342650918441,0.07630556666921691,0.0001575150450482648
2.2713880966398174,1.1273898787596495,0.07779663525960054,-0.000019235586826461008,0.03582273393757288,0.07421936977109236,0.00015806161712460118
2.278924526937174,1.1276628214419662,0.0783481036790788,-0.000018042422788180084,0.036609711436491145,0.07212703301574669,0.00015857131509187868
2.286462471561524,1.1279417412646797,0.07888388767852358,-0.000016845314164801056,0.03739398091917223,0.07002856512010955,0.0001590446771425091
2.2940030007172227,1.1282266591873793,0.07940400858018876,-0.00001564436104146097,0.03817516110826469,0.06792398464691046,0.00015948221370551337
2.301547120826835,1.1285175933138756,0.07990847681996936,-0.000014439668751677425,0.038952867960117724,0.06581331912986575,0.00015988440974035875
2.309095793850197,1.1288145594140362,0.08039729374988876,-0.000013231345287594624,0.039726716383188344,0.06369660065326424,0.00016025172736104125
2.316649907918087,1.1291175695599374,0.0808704502084846,-0.000012019506450135533,0.04049631699227983,0.061573874997531315,0.0001605846058578948
2.32421031234555,1.129426633279831,0.08132792930296723,-0.000010804270665582378,0.04126127951993126,0.059445192687852186,0.00016088346489137627
2.3317777832956117,1.129741755956643,0.0817697047804396,-0.000009585764879433972,0.04202120919101767,0.05731061945506005,0.00016114870442601877
2.3393530704429906,1.130062940533067,0.08219574431744076,-0.000008364117402238582,0.04277571133851778,0.05517022384674197,0.00016138070785460252
2.3469368627494345,1.1303901859063983,0.08260600793087726,-0.0000071394637293225485,0.043524387880388926,0.053024087570970095,0.0001615798419108153
2.354529823031398,1.1307234882135224,0.08300045033746468,-0.000005911941251313271,0.0442668407102421,0.05087229638197718,0.0001617464588156999
2.3621325594538756,1.1310628394311966,0.0833790198027794,-0.000004681694114606007,0.04500266885527334,0.04871494875602071,0.00016188089652683336
2.369745645966563,1.1314082280882563,0.08374165964518217,-0.0000034488701561880386,0.04573147049962416,0.04655215068328991,0.000161983480250696
2.3773696087816067,1.1317596384907274,0.08408830797538658,-0.0000022136233043819857,0.0464528417203319,0.04438402004760368,0.00016205452317012573
2.3850049538844447,1.1321170518247152,0.08441889935122814,-9.761093133031297e-7,0.04716637915834321,0.04221067931301657,0.0001620943276171393
2.3926521384414823,1.132480444692405,0.08473336383459203,2.635094338251326e-7,0.047871677383330834,0.04003226412958371,0.000162103185602062
2.4003115945375924,1.1328497900696772,0.08503162840891221,0.0000015050676178218786,0.04856833122362662,0.03784891702822277,0.00016208137976700016
2.4079837307605922,1.1332250572742137,0.08531361730234174,0.0000027483971036968667,0.049255935971835696,0.035660787382433445,0.00016202918394662587
2.415668907546545,1.1336062106308837,0.0855792514172878,0.000003993322823347042,0.04993408530010429,0.033468038836458845,0.00016194686401457044
2.4233674626519566,1.1339932105759984,0.0858284496576083,0.000005239666798872531,0.05060237372442655,0.0312708424159033,0.00016183467846267525
2.431079716889445,1.1343860138557582,0.08606112935217894,0.000006487248975476255,0.051260397206261084,0.029069375236076347,0.00016169287877542874
2.438805946569559,1.134784572020712,0.08627720571284207,0.000007735882681684216,0.05190775095425903,0.026863828696340172,0.0001615217104676529
2.446546408591741,1.1351888325827266,0.08647659295990999,0.000008985378624339749,0.052544031790269285,0.024654401625885447,0.0001613214132705655
2.4543013434421357,1.1355987390976676,0.08665920462428982,0.00001023554531011045,0.05316883853704111,0.02244129971572567,0.0001610922214383572
2.46207095668032,1.1360142301046847,0.08682495337864655,0.000011486186011572229,0.05378177071088818,0.02022474107227322,0.00016083436473703677
2.469855434083542,1.136435239831373,0.08697375172480687,0.000012737101176281681,0.054382429988216026,0.018004952145172608,0.00016054806852834052
2.477654937057807,1.1368616978736026,0.08710551217212144,0.000013988087660641586,0.054970420063523096,0.01578216926949607,0.00016023355434821593
2.4854696101037947,1.13729352953262,0.08722014764397162,0.000015238939909351984,0.05554534744753311,0.013556636754048126,0.00015989104002626676
2.4932995757329457,1.1377306554778976,0.0873175716457373,0.0000164894491268174,0.05610682130937686,0.011328608531877657,0.00015952074025755221
2.501144926403274,1.138172991227955,0.08739769847664118,0.000017739401993735165,0.05665445318369454,0.009098350633952944,0.00015912286743050867
2.5090057460174715,1.1386204483008318,0.08746044375552167,0.000018988584105007453,0.057187858764072126,0.0068661352395540404,0.00015869763096179216
2.516882099813016,1.1390729336144199,0.08750572451496479,0.00002023677835993762,0.057706657406137604,0.004632243710392187,0.0001582452380588491
2.5247740336980375,1.1395303494085915,0.08753345945582605,0.00002148376487531318,0.058210472353579124,0.002396966916354529,0.00015776589409357994
2.5326815730272068,1.139992593137482,0.08754356921278929,0.000022729320820077036,0.05869893094974127,0.00016060570148057922,0.0001572598030208189
2.5406047293053526,1.1404595578327803,0.08753597662189788,0.00002397322150421402,0.05917166534069218,-0.0020765309069123734,0.00015672716726952435
2.548546515953813,1.1409313119169204,0.0875105939171069,0.000025215711372908793,0.059628482925455084,-0.004314974822929746,0.0001561679708725347
2.5565109773340637,1.14140798744301,0.08746730209350823,0.000026457188561416316,0.06006922654696952,-0.006555536514538893,0.0001555820805459249
2.564498128495472,1.1418894756961087,0.08740598389119644,0.0000276974167547305,0.060493498849822074,-0.008797881521400838,0.00015496962663452105
2.572507971361739,1.1423756629094977,0.08732652466582425,0.000028936156813456106,0.06090090647492593,-0.011041665284265966,0.00015433073978019947
2.580540494017994,1.1428664301960427,0.08722881262808678,0.000030173166711171368,0.06129106034924581,-0.013286532853068581,0.0001536655511906593
2.5885956556832883,1.1433616526006165,0.08711273931716526,0.00003140819929016877,0.06166357534870805,-0.015532114626035326,0.0001529741941700307
2.596673418305371,1.1438612010177296,0.08697819944965073,0.000032641007185889777,0.06201807217437538,-0.01777803511624877,0.0001522568017060535
2.6047737113542424,1.1443649400176539,0.08682509168194893,0.000033871337500435715,0.062354176096230056,-0.020023903096206153,0.00015151350971989635
2.6128964527367255,1.1448727291243295,0.08665331859861465,0.000035098935097434545,0.06267151833610514,-0.022269317415020654,0.00015074445554098386
2.621041538753834,1.1453844221930531,0.08646278717883508,0.00003632354116772018,0.0629697360614331,-0.02451386421464197,0.00014994977907604914
2.629208863512718,1.1458998686403798,0.08625340861077928,0.00003754489624143364,0.06324847350370986,-0.026757122292780468,0.0001491296211495097
2.6373982935865463,1.1464189118713004,0.08602509914295217,0.00003876273647388413,0.06350738143403557,-0.02899865614661826,0.00014828412619489985
2.6456096920653485,1.1469413908222195,0.08577777973371731,0.00003997679734553739,0.06374611840091589,-0.03123802262463766,0.0001474134400670031
2.653842902910166,1.147467139007706,0.0855113767063568,0.00004118681142688415,0.06396435060566168,-0.033474766687963724,0.00014651771182324662
2.6620977541349484,1.1479959847610057,0.08522582194157988,0.000042392508972321764,0.06416175244896585,-0.035708422370341136,0.00014559709363806878
2.6703740712397854,1.1485277521467505,0.08492105263763726,0.00004359361998601281,0.06433800723849874,-0.03793851649386278,0.00014465173947748227
2.6786716558782864,1.1490622596524729,0.0845970122862641,0.00004478987122026264,0.06449280708489559,-0.04016456300174038,0.00014368180766717147
2.6869903167824045,1.1495993222445293,0.08425364971742211,0.000045980990758594364,0.064625853905343,-0.04238607138417771,0.00014268745748512895
2.6953298402916444,1.150138749546132,0.08389092042426849,0.000047166703862372794,0.06473685921088153,-0.04460253887726309,0.00014166885272171847
2.703690005374257,1.1506803468851197,0.08350878619599114,0.0000483467352559904,0.06482554478093884,-0.04681345464007413,0.00014062616009477896
2.712070584545547,1.1512239154436337,0.08310721524031243,0.000049520809355829515,0.06489164300403773,-0.049018300131513495,0.00013955954924325362
2.720471348285288,1.1517692526413903,0.08268618211272406,0.000050688650980382325,0.0649348972159881,-0.05121655040743303,0.00013846919224932028
2.728892051369775,1.1523161513506157,0.0822456685514483,0.00005184998354903387,0.06495506194533553,-0.05340767070053284,0.00013735526551071698
2.737332454705599,1.1528644014214842,0.08178566251605335,0.00005300453221083073,0.06495190332131487,-0.055591122294629335,0.0001362179469895867
2.745792304214374,1.1534137884247284,0.08130615941845072,0.00005415202102614681,0.06492519931181097,-0.05776635720350207,0.00013505741908474654
2.7542713501685463,1.1539640950263366,0.08080716120280036,0.00005529217571153694,0.06487474001392261,-0.05993282336557209,0.00013387386611823102
2.762769336108099,1.1545151003913847,0.0802886770596999,0.00005642472221420147,0.06480032792616995,-0.062089961968189535,0.00013266747589874068
2.771286007233434,1.1550665808565472,0.07975072303034321,0.00005754938792664723,0.0647017781504843,-0.06423720978828217,0.0001314384386118575
2.7798211035041267,1.1556183096146788,0.07919332251470183,0.00005866590084956011,0.06457891869000507,-0.0663739976430518,0.00013018694785423975
2.7883743673839576,1.1561700573520122,0.0786165058620825,0.0000597739906950164,0.06443159058624605,-0.06849975255278933,0.0001289131995676276
2.796945540146373,1.1567215921475662,0.0780203106675567,0.00006087338847139655,0.06425964816553485,-0.07061389701917511,0.00012761739261079975
2.8055343647978606,1.157272679803259,0.07740478163126266,0.00006196382693259372,0.06406295918203656,-0.07271584996842347,0.00012629972836134253
2.814140588125177,1.1578230841178723,0.07676997044332311,0.00006304504089471953,0.06384140492923536,-0.07480502745874262,0.00012496041041771923
2.822763956468275,1.158372566761475,0.07611593612279183,0.00006411676676012778,0.06359488049895096,-0.07688084186756615,0.0001235996452740761
2.8314042227506446,1.158920887871234,0.07544274451769366,0.00006517874345124542,0.06332329473665553,-0.07894270381402316,0.00012221764123970802
2.8400611398169056,1.1594678057748369,0.07475046882420029,0.00006623071163120506,0.06302657055947579,-0.08099002077715245,0.00012081460950431467
2.8487344673033426,1.1600130775757533,0.0740391890614881,0.00006727241459517796,0.06270464486001968,-0.08302219896329362,0.0001193907630545633
2.857423969036717,1.1605564591363595,0.07330899226535667,0.00006830359798519204,0.062357468678594596,-0.08503864290255878,0.0001179463170910779
2.866129415318903,1.1610977053698301,0.07255997228578866,0.00006932401009500441,0.06198500719732911,-0.08703875620274104,0.00011648148865344862
2.874850578097486,1.1616365700894322,0.07179223018797248,0.0000703334013354501,0.061587240023556124,-0.08902194066757095,0.00011499649743849513
2.883587238180944,1.1621728066067964,0.0710058736122865,0.00007133152510862628,0.06116416094810988,-0.09098759818496822,0.00011349156459189123
2.89233918166431,1.1627061676574342,0.07020101704931672,0.00007231813740774554,0.06071577814309067,-0.09293513012796539,0.0001119669133066029
2.90110620204773,1.163236405678279,0.06937778161475282,0.0000732929970763719,0.060242114097840985,-0.09486393805735033,0.00011042276845769116
2.909888093891311,1.1637632725734073,0.0685362956166766,0.00007425586512516556,0.05974320600548847,-0.09677342256664469,0.00010885935772971264
2.9186846644629236,1.1642865205645128,0.06767669341778476,0.0000752065060372664,0.05921910515146738,-0.09866298607193497,0.00010727690956372686
2.927495722143508,1.1648059016409327,0.06679911649993552,0.0000761446865056086,0.058669877582990033,-0.10053203052136443,0.0001056756552214586
2.9363210841239558,1.1653211681674736,0.06590371268211764,0.00007707017628708009,0.05809560368164256,-0.1023799593075957,0.00010405582742068494
2.9451605748566045,1.1658320729343448,0.0649906362138314,0.00007798274803417367,0.057496378242037544,-0.10420617716040703,0.00010241766060978289
2.954014020703444,1.1663383689949733,0.06406004828723749,0.00007888217675674106,0.056872310842618685,-0.10601008929731985,0.00010076139197558103
2.9628812531208006,1.1668398100034845,0.0631121166847132,0.00007976824018177213,0.0562235256597091,-0.10779110237210163,0.00009908726088864544
2.9717621130579,1.167336150607523,0.06214701525639042,0.0000806407191989427,0.055550161129099225,-0.10954862561071227,0.00009739550808321475
2.980656444074374,1.167827146203371,0.06116492460496585,0.00008149939718064708,0.05485237043091176,-0.1112820696889048,0.00009568637697082362
2.9895640873770906,1.1683125528225908,0.06016603262349249,0.00008234405955158287,0.05413032191770972,-0.11299084610193359,0.00009396011464934576
2.998484900619096,1.1687921283096532,0.059150532355183506,0.0000831744956012434,0.05338419759265933,-0.11467437107942083,0.00009221696829619901
3.0074187365074883,1.16926563130001,0.058118624336578766,0.00008399049646331203,0.05261419480564565,-0.11633206175520137,0.00009045718932983186
3.0163654458530154,1.1697328215617278,0.05707051626901195,0.00008479185548684771,0.05182052606946091,-0.11796333716372943,0.00008868103290149697
3.0253248877920758,1.170193460690617,0.0560064217968792,0.0000855783691994681,0.0510034181552324,-0.11956762045839693,0.00008688875591425876
3.0342969193568905,1.1706473117192706,0.0549265616858854,0.00008634983640335719,0.050163112985924345,-0.12114433733684028,0.00008508061912488941
3.043281397772456,1.1710941394052925,0.05383116353574764,0.00008710605844334268,0.049299867435632576,-0.12269291684978013,0.00008325688674398109
3.0522781848367235,1.171533710609407,0.05272046120783077,0.00008784683962003206,0.048413952876357774,-0.12421279251711852,0.0000814178255849226
3.0612871347705357,1.1719657938647245,0.05159469628706058,0.00008857198623923166,0.04750565633790655,-0.125703400650279,0.00007956370758651996
3.070308103454578,1.1723901600086575,0.050454116928115966,0.00008928130745848063,0.0465752795956643,-0.127164182359306,0.0000776948079871367
3.0793409382754655,1.1728065818799884,0.04929897910785235,0.00008997461456101509,0.04562314018265799,-0.1285945823340232,0.00007581140747417888
3.0883854871823546,1.1732148349323868,0.04812954546176731,0.00009065172176503878,0.04464957043590684,-0.12999405078680965,0.00007391379036579493
3.0974415916010516,1.1736146970916508,0.04694608615787155,0.0000913124457686937,0.04365491819713551,-0.13136204279474742,0.00007200224613353573
3.106509081723965,1.1740059487568215,0.04574887950746859,0.00009195660554325754,0.042639547322437,-0.13269801814826615,0.0000700770704669474
3.115587792238542,1.1743883736822913,0.044538209865882056,0.00009258402357503322,0.04160383587999344,-0.13400144420859417,0.00006813856198790211
3.1246775367555517,1.1747617580882082,0.043314370989460615,0.00009319452419159892,0.04054817897256695,-0.13527179271926645,0.00006618702773627109
3.1337781256028543,1.1751258916452365,0.04207766365969819,0.0000937879349733748,0.039472986687082094,-0.1365085430192716,0.0000642227794413293
3.1428893656588524,1.1754805676580382,0.04082839563640245,0.0000943640868398379,0.03837868398208199,-0.13771118251543846,0.0000622461335673518
3.152011040927096,1.175825582531533,0.039566884279655865,0.00009492281297736133,0.03726571292743264,-0.13887920473186421,0.00006025741556241664
3.1611429353473595,1.1761607368943607,0.038293453383041125,0.00009546395046083867,0.036134529869209134,-0.14001211298198296,0.00005825695494568878
3.1702848017239202,1.1764858346840597,0.03700843744247892,0.00009598733857258974,0.034985609137003965,-0.14110941713939923,0.000056245092126663524
3.179436400301892,1.176800684802712,0.03571217621541886,0.00009649282127403115,0.033819438121783375,-0.14217063910131209,0.000054222169968758317
3.1885974722312582,1.177105100378955,0.03440501834406592,0.00009698024581261791,0.03263652038722616,-0.143195310161674,0.00005218853960151142
3.1977677339005375,1.1773988988720436,0.03308732212521116,0.00009744946269836154,0.03143737628162133,-0.1441829712418738,0.00005014456171143526
3.2069468872277147,1.1776819027006904,0.031759453980120964,0.00009790032651921625,0.030222541445411817,-0.14513317488662933,0.00004809060426875453
3.2161346356760827,1.1779539399638572,0.03042178601225287,0.00009833269689469311,0.028992564417225083,-0.14604548755997349,0.00004602703889657592
3.2253306426343094,1.1782148434416322,0.029074701934707327,0.00009874643669727184,0.027748011913262774,-0.14691948617456274,0.000043954250164709104
3.2345345713542923,1.1784644520658876,0.027718591150837312,0.0000991414142066009,0.026489463226251703,-0.14775476291095196,0.000041872626589222567
3.2437460635739535,1.1787026105431775,0.026353851723351477,0.00009951750232673446,0.025217512762574203,-0.14855092383921703,0.00003978256536776945
3.252964744781383,1.1789291697745294,0.024980889456860552,0.00009987457907413603,0.023932768993001938,-0.1493075902164022,0.00003768447112332617
3.262190219642254,1.1791439870097808,0.023600118415081136,0.00010021252764925261,0.02263585471735574,-0.1500243988980948,0.00003557875685850295
3.271422088021362,1.1793469264735905,0.022211958337703095,0.00010053123725435888,0.021327404397303806,-0.15070100432667535,0.00003346584019214131
3.2806599245239654,1.1795378591314323,0.020816837498827602,0.0001008306025633723,0.02000806658019233,-0.1513370776530471,0.00003134614790511052
3.2899032750543817,1.1797166629301945,0.019415193044736483,0.00010111052394722592,0.01867850396735841,-0.15193230744903935,0.000029220116624409377
3.299151702251966,1.1798832239100763,0.01800746386929569,0.00010137090906626207,0.01733938636136708,-0.15248640332092564,0.000027088182218976292
3.308404737869369,1.180037435456659,0.01659409756456774,0.00010161167155689449,0.015991396932599294,-0.15299909333496045,0.000024950790566506075
3.317661886894973,1.1801791986870687,0.015175549570499953,0.00010183273150550502,0.01463523111227678,-0.15347012522730794,0.000022808396458390506
3.3269226657861264,1.1803084232499643,0.01375227704059541,0.00010203401657234704,0.013271590387803948,-0.1538992689905134,0.000020661454558778155
3.336186560485407,1.1804250268499583,0.012324744974110813,0.00010221546113467368,0.01190118780136385,-0.1542863152266371,0.000018510428904617254
3.345453067639432,1.1805289359836146,0.010893419572778914,0.00010237700732841682,0.010524741211387396,-0.15463107753174254,0.000016355783126435585
3.3547216689595682,1.1806200857150717,0.009458771858422286,0.00010251860460402705,0.009142976370015512,-0.15493339169733636,0.000014197986155412016
3.3639918283974692,1.1806984198307717,0.008021277793501865,0.00010264020988415752,0.007756626652320778,-0.1551931161781232,0.000012037512648842822
3.3732630365812493,1.1807638913091238,0.00658141104829001,0.00010274178822051976,0.00636642567246516,-0.1554101336100173,0.000009874832378521096
3.3825347381665667,1.1808164618265318,0.005139653924494102,0.00010282331196651168,0.0049731174073426344,-0.1555843491404788,0.0000077104269064123
3.391806392970688,1.1808561023383772,0.0036964875192880588,0.0001028847616300893,0.003577446286383237,-0.155715692329951,0.000005544775068098833
3.4010774844499285,1.1808827930230437,0.0022523900300294567,0.00010292612574980451,0.002180155112798364,-0.15580411694874552,0.000003378350705916737
3.4103474714275683,1.180896523098761,0.0008078439098391861,0.00010294740058652931,0.0007819915552235255,-0.15584960036066337,0.0000012116336727512908
3.4155308065628454,1.1808985497860554,1.3710802241814757e-12,0.00010295054075155085,-7.262848308875469e-12,-0.15585631393566932,-3.613826682428425e-15