Time (TU),X (LU),Y (LU),Z (LU),VX (LU/TU),VY (LU/TU),VZ (LU/TU)
0,1.079746683970304,-1.2056416063172614e-27,0.2023549961166975,1.0013419698668756e-14,-0.19759188836433056,-1.8506520877655048e-14
0.004023372046022771,1.079745026378463,-0.0007949794576545848,0.20235200179963442,-0.0008239787748949879,-0.19758724858668292,-0.0014884622977491804
0.013355716428230998,1.079728419049558,-0.002638753613461288,0.2023220006481263,-0.002735050952890116,-0.1975407600470339,-0.004941057217195078
0.02269265888406986,1.0796939578830433,-0.004482768791029229,0.20225973932921396,-0.004646504194673534,-0.1974442771478206,-0.008395538534810057
0.03203387825807457,1.0796416256842665,-0.0063264935371958615,0.20216517166092324,-0.006557879639337183,-0.1972977170900637,-0.011851917522524503
0.04137888659923098,1.079571412804339,-0.008169362220204732,0.20203825721177052,-0.008468683176296937,-0.19710100009360818,-0.015310144325293871
0.050727196350059955,1.079483317015281,-0.010010808233602581,0.20187896104572503,-0.01037841980000609,-0.19685404893689212,-0.018770169866816105
0.060078308134435446,1.0793773436695113,-0.011850261764797934,0.20168725398676582,-0.012286591233733117,-0.1965567892911274,-0.02223194138232456
0.06943172776430236,1.0792535055808474,-0.013687153321451399,0.20146311238565695,-0.014192699523673826,-0.1962091492717107,-0.02569540876610697
0.07878694848373487,1.0791118232668977,-0.01552091041877852,0.20120651854636776,-0.016096243538000245,-0.1958110600012234,-0.029160518050912895
0.08814346466020472,1.0789523248246318,-0.017350960453698074,0.20091746049488365,-0.017996721882957967,-0.195362455141289,-0.03262721652953221
0.09750075241486832,1.078775046303636,-0.019176727104369403,0.20059593265597517,-0.01989362909597124,-0.19486327182182436,-0.03609544562982253
0.10685829040596609,1.0785800314209877,-0.02099763459416944,0.20024193534373133,-0.02178646000278611,-0.19431344971799847,-0.03956514866447748
0.1162155364890621,1.0783673320804021,-0.022813103346390154,0.19985547571773715,-0.02367470512890976,-0.19371293239104628,-0.04303626222730622
0.1255719353289102,1.0781370083604525,-0.024622551702608592,0.19943656778514737,-0.025557852405085783,-0.1930616671373212,-0.04650871905508009
0.1349269147444723,1.0778891287206684,-0.02642539545623323,0.19898523280684965,-0.02743538659901715,-0.19235960545400027,-0.0499824467098289
0.14427988922258758,1.0776237700334526,-0.028221048784726255,0.19850149939602477,-0.02930679019908987,-0.19160670301573823,-0.053457368918302474
0.1536302396295262,1.0773410183129262,-0.03000892063462404,0.19798540489800237,-0.03117153955332026,-0.19080292163571366,-0.056933398061752315
0.1629773320807721,1.0770409683709354,-0.031788418657073596,0.19743699482716187,-0.03302910886953092,-0.18994822819395774,-0.060410442204622716
0.1723204963648148,1.0767237246661765,-0.033558945418613755,0.1968563244936915,-0.03487896615553216,-0.18904259696687128,-0.06388839708415517
0.18165902448370913,1.0763894016466298,-0.03531989852871234,0.19624345972475468,-0.03672057322909665,-0.18808601054243296,-0.06736714555735666
0.19099217650769135,1.0760381238165888,-0.03707067217000374,0.1955984770974001,-0.03855338718883484,-0.18707845996720415,-0.07084655976440545
0.20031915800015035,1.075670026877224,-0.03881065332939501,0.19492146616163586,-0.040376856329479106,-0.18601994799804455,-0.07432649268177305
0.20963912572567725,1.0752852579094174,-0.04053922343116889,0.19421252993344038,-0.04219042169154713,-0.184910489654764,-0.07780678018872492
0.2189511781022922,1.074883976151814,-0.04225575716602319,0.19347178650775532,-0.04399351566281553,-0.1837501145252097,-0.08128723742627594
0.22825434457274965,1.074466353916784,-0.043959621226533144,0.19269937096127793,-0.04578556045887996,-0.18253886953425533,-0.0847676547169621
0.23754757496996246,1.0740325776034267,-0.04565017316339162,0.19189543747618548,-0.04756596670494843,-0.18127682207521306,-0.08824779344116837
0.24682973495753935,1.0735828485038807,-0.04732676146784058,0.19106016112663823,-0.0493341332835764,-0.17996406263275067,-0.09172738414601163
0.256099595194158,1.0731173839551469,-0.04898872462725956,0.19019374035532907,-0.05108944607727833,-0.17860070851490614,-0.09520612226171993
0.2653558132231132,1.0726364189628879,-0.0506353890433759,0.18929640039059661,-0.0528312754754897,-0.1771869091034829,-0.09868366102820735
0.27459693180208883,1.0721402070864698,-0.052266070065715355,0.1883683953571973,-0.054558977137899,-0.17572284909602554,-0.10215961052897764
0.28382136239930844,1.071629022140457,-0.05388007053606015,0.18741001198267415,-0.056271890095383595,-0.17420875431553154,-0.10563353109278076
0.2930273725444411,1.0711031598026197,-0.05547668023334228,0.1864215732192051,-0.057969335761265,-0.17264489746072711,-0.10910492806158215
0.30221307402921904,1.0705629392543972,-0.05705517567723327,0.18540344202288153,-0.05965061728250998,-0.1710316041900269,-0.11257324679482009
0.3113764153041756,1.070008704631506,-0.058614820858516437,0.18435602487831454,-0.061315019838759574,-0.16936925889900012,-0.11603786917224913
0.3205151684685226,1.0694408268335336,-0.06015486724566102,0.18327977611064863,-0.06296181013266439,-0.1676583118573886,-0.1194981079660057
0.32962692471164373,1.0688597048527515,-0.061674555437997665,0.18217520140764898,-0.06459023760025047,-0.16589928522022435,-0.12295320431426783
0.3387090879128958,1.0682657671996199,-0.0631731166789159,0.18104286164336472,-0.06619953544391029,-0.16409277965581726,-0.12640232441177415
0.3477588781182897,1.067659472645357,-0.06464977615415887,0.17988337552077224,-0.06778892355901524,-0.16223947924011597,-0.1298445598665623
0.3567733233928528,1.0670413116577349,-0.06610375449723244,0.17869742365519278,-0.06935760952028733,-0.16034015881084265,-0.1332789235636349
0.3657492832368323,1.0664118055913632,-0.06753427449132547,0.17748574846773607,-0.07090479516539128,-0.15839568478393892,-0.13670435747867365
0.3746834557009012,1.0657715067548392,-0.06894056504236945,0.17624915583268302,-0.0724296802722263,-0.15640701891909486,-0.14011973427136526
0.38357239565245155,1.065120997504139,-0.07032186686337609,0.17498851492527034,-0.07393146811888884,-0.1543752193528373,-0.14352386311202253
0.3924125483531921,1.0644608879338366,-0.07167744032695589,0.17370475538873076,-0.0754093734673271,-0.15230143744011995,-0.14691550139793902
0.4012002759612538,1.063791813738115,-0.07300657187232171,0.17239886482116093,-0.07686262907274397,-0.15018691520384206,-0.15029336383330927
0.4099319020961437,1.0631144323604493,-0.0743085827576189,0.17107188288986938,-0.07829049486600932,-0.148032977400147,-0.1536561385424016
0.41860374882958545,1.0624294193118562,-0.07558283611179759,0.1697248956786308,-0.07969226542329803,-0.14584102397533663,-0.15700250042415123
0.4272121885843038,1.0617374629335967,-0.0768287455908494,0.16835902685171403,-0.08106727935645161,-0.14361251732906768,-0.1603311304298037
0.43575368757251653,1.0610392594126583,-0.07804578206600855,0.16697542912542235,-0.08241492672408182,-0.14134896999062732,-0.16364073180276548
0.4442248469123479,1.0603355076474095,-0.07923347929294929,0.16557527523842472,-0.08373465549320437,-0.139051931366426,-0.1669300456420154
0.4526224448901509,1.059626903719318,-0.08039143904377212,0.16415974790470328,-0.08502597758419239,-0.13672297266765845,-0.17019786714698562
0.4609434842455373,1.0589141346554742,-0.08151933617914522,0.16273002807341394,-0.08628847504104518,-0.134363668839285,-0.17344306408381172
0.46918520980967426,1.05819787450362,-0.08261691897984856,0.16128728753305344,-0.08752180107821816,-0.1319755874068382,-0.17666458395617646
0.47734514150418184,1.05747877901037,-0.08368401105011974,0.1598326784589251,-0.0887256830132037,-0.12956027205472345,-0.17986146736574646
0.48542108519102184,1.056757482164183,-0.08472050976259242,0.15836732644523263,-0.08989992143695145,-0.1271192317087446,-0.1830328529220806
0.49341114712123824,1.0560345924610235,-0.08572638483100986,0.1568923227413282,-0.0910443896088748,-0.12465392805702237,-0.18617798371563044
0.5013137270875382,1.05531069116906,-0.08670167391451336,0.15540872033978415,-0.09215902954028522,-0.12216576925953306,-0.18929620554636678
0.5091275195301669,1.0545863300382337,-0.0876464791344496,0.1539175287651084,-0.09324384912808606,-0.11965610129317991,-0.19238696835043087
0.5168515069895091,1.0538620298647883,-0.0885609625517138,0.15241971044514752,-0.09429891811222094,-0.11712620173709454,-0.19544982467981417
0.5244849330545396,1.0531382811918983,-0.08944533928149019,0.1509161813842797,-0.09532436127536789,-0.11457728066502736,-0.19848442006417058
0.5320272960242853,1.0524155433148923,-0.09029987324568631,0.14940780826527505,-0.09632035462109173,-0.11201047540090654,-0.20149049155182108
0.5394783262717208,1.051694245033844,-0.09112487115981656,0.1478954091024835,-0.09728711945561254,-0.1094268511614842,-0.20446785976131418
0.5468379579436337,1.0509747862106216,-0.091920676199009,0.14637975557548016,-0.0982249159914768,-0.10682740452735862,-0.2074164185846384
0.5541063207485273,1.0502575375978438,-0.09268766414672268,0.1448615717300058,-0.0991340397725023,-0.10421306065615071,-0.2103361328488319
0.5612837073520969,1.0495428432454634,-0.09342623715411594,0.1433415381076856,-0.10001481519709818,-0.10158467976117881,-0.21322702613769623
0.568370559574079,1.0488310212665852,-0.09413681984337229,0.14182029245473024,-0.1008675917013648,-0.09894305772854049,-0.21608917605019992
0.5753674400132702,1.0481223662263306,-0.09481985420620673,0.14029843392300476,-0.10169273840512122,-0.09628893278660107,-0.2189227034966814
0.5822750293724439,1.0474171490975004,-0.09547579734735592,0.13877652211151612,-0.10249064207887516,-0.09362298322855352,-0.22172777228930524
0.589094098901294,1.0467156198492826,-0.09610511700121456,0.13725508178714393,-0.103261702346518,-0.09094583502858732,-0.22450457859525677
0.5958254896807486,1.046018009495881,-0.09670828809252345,0.13573460655191183,-0.10400632802489128,-0.08825806774128192,-0.22725334302356262
0.6024701233837041,1.0453245289737665,-0.09728579232749297,0.13421555564419715,-0.1047249371257063,-0.08556020829108396,-0.22997431549516864
0.6090289576939042,1.0446353738343754,-0.09783811303104821,0.13269836346760103,-0.10541795091286822,-0.08285274730101606,-0.23266775744359885
0.6155029994446812,1.043950723021169,-0.09836573534150621,0.13118343627870763,-0.10608579450548296,-0.08013613276539076,-0.2353339475209479
0.621893292794322,1.0432707402713313,-0.09886914426980169,0.12967115461784412,-0.10672889480401859,-0.0774107738698455,-0.2379731770794841
0.6282008990199367,1.0425955764761854,-0.0993488223368357,0.1281618779570936,-0.10734767778500948,-0.07467704891054718,-0.24058574210030795
0.6344269044787737,1.0419253690832058,-0.09980524958095288,0.1266559428226486,-0.10794256876337846,-0.07193530150863668,-0.24317194669970904
0.6405723989929626,1.0412602446823147,-0.10023890140141119,0.12515366806490644,-0.10851398982625642,-0.06918584978835794,-0.24573209435655272
0.646638488732382,1.04060031790532,-0.10065024906331108,0.12365535189762254,-0.10906236068058343,-0.06642898063045023,-0.2482664934195594
0.6526262770474411,1.0399456937936593,-0.10103975796254448,0.12216127677716208,-0.1095880965356506,-0.06366495825321826,-0.2507754492599486
0.6585368673604818,1.0392964677963537,-0.10140788756482096,0.12067170898240738,-0.1100916081421939,-0.06089402316287138,-0.2532592655676437
0.66437135861636,1.0386527265765328,-0.10175509087764827,0.11918690004908308,-0.11057330119012326,-0.05811639452274761,-0.255718242527171
0.6701308427053013,1.0380145486065964,-0.10208181412007249,0.1177070877568802,-0.11103357594124662,-0.055332271735500795,-0.2581526757937575
0.6758164063841554,1.0373820042622772,-0.10238849668436013,0.11623249597564965,-0.11147282725287587,-0.05254183389257298,-0.26056285735847634
0.6814291198881001,1.0367551573938696,-0.10267557041540044,0.11476333797693572,-0.11189144360395471,-0.04974524579852007,-0.26294907075898516
0.6869700478139774,1.036134064417201,-0.10294346013834556,0.11329981399196,-0.11228980788380266,-0.04694265314095288,-0.26531159571381335
0.6924402380208412,1.03551877584669,-0.10319258304432566,0.11184211449063869,-0.11266829652207354,-0.044134188522024394,-0.26765070342123803
0.6978407292689756,1.0349093357277623,-0.10342334904796036,0.11039041855015118,-0.11302728002673267,-0.041319968146011576,-0.2699666598211879
0.7031725377874206,1.0343057834327816,-0.10363616021487211,0.10894489784572109,-0.1133671220908625,-0.03850009936780109,-0.27225971983599473
0.7084366705400992,1.0337081524401643,-0.10383141137868653,0.10750571348802275,-0.11368818051950803,-0.035674674425503025,-0.2745301330413357
0.7136341188720865,1.0331164713149086,-0.10400948989821789,0.10607301810085144,-0.11399080682993484,-0.03284377430378477,-0.2767781409345661
0.7187658590557957,1.032530763904364,-0.10417077573814473,0.10464695605206709,-0.11427534633683564,-0.030007469048352248,-0.2790039771511697
0.7238328477850302,1.0319510501031184,-0.10431564141149564,0.10322766508959293,-0.1145421379763439,-0.02716582090166883,-0.28120786548266147
0.7288360319523493,1.0313773449766603,-0.10444445235433705,0.10181527398061023,-0.1147915149044357,-0.02431887946920348,-0.28339002409838077
0.7337763396097586,1.0308096600264438,-0.10455756673702142,0.10040990538779264,-0.11502380407839968,-0.021466687339408548,-0.28555066159520226
0.7386546811957353,1.030248003276914,-0.10465533562810495,0.09901167590206068,-0.11523932643637672,-0.018609280093378693,-0.2876899774889827
0.7434719584115606,1.0296923784692888,-0.10473810326462361,0.09762069383419558,-0.11543839736751496,-0.01574668167548831,-0.28980816608154886
0.7482290548465762,1.0291427863475795,-0.10480620694111463,0.09623706221420998,-0.1156213263594301,-0.012878910386357427,-0.2919054123314024
0.7529268356503218,1.0285992249005618,-0.10485997715626999,0.09486087924270474,-0.11578841712089356,-0.010005979784829078,-0.2939818916617839
0.7575661535337994,1.0280616888622527,-0.10489973781629064,0.09349223686463833,-0.11593996791355711,-0.007127895656950867,-0.2960377725743697
0.7621478492964946,1.0275301698350434,-0.10492580631684228,0.09213122089362888,-0.11607627162924039,-0.004244656136929144,-0.2980732168677545
0.7666727486664258,1.0270046568345568,-0.10493849361579348,0.09077791223039133,-0.1161976157686261,-0.001356254166465567,-0.30008837821403805
0.7711416629590641,1.0264851363863252,-0.10493810435955991,0.0894323869597588,-0.11630428256535894,0.0015373223650336772,-0.3020834024207149
0.7755554829806081,1.02597158176219,-0.10492493658896178,0.08809468808171222,-0.11639655091311035,0.004436152190605694,-0.30405846946915893
0.7799178405930655,1.0254636430987005,-0.10489926096317133,0.08676401039313729,-0.11647473878636326,0.0073421702160884695,-0.30601498902104146
0.784229477792194,1.024961302900238,-0.10486133850567896,0.08544040814176278,-0.1165390863602652,0.010255467354196753,-0.30795308009171274
0.7884911080604304,1.0244645436990736,-0.10481142482196969,0.08412393676024589,-0.11658982884940024,0.013176128931021849,-0.30987284675233867
0.7927034328988053,1.0239733462614753,-0.10474977017805406,0.08281464809739528,-0.11662719696499182,0.016104245052161244,-0.31177438545567876
0.7968671402053843,1.0234876899009182,-0.10467661963853045,0.08151259114748892,-0.11665141699833585,0.0190399090332755,-0.31365778423736257
0.8009829051182058,1.02300755249922,-0.10459221318221339,0.08021781201568795,-0.11666271094037484,0.021983217502769208,-0.3155231230256879
0.8050513903898787,1.022532910577455,-0.10449678581768489,0.078930354017946,-0.11666129659008816,0.024934270205858894,-0.31737047374278804
0.8090732517067388,1.022063738785548,-0.10439056755723727,0.07765025619401794,-0.11664738763436765,0.027893173488127566,-0.3191999026585748
0.8130491302154903,1.0216000108801802,-0.10427378369371937,0.07637755586489069,-0.11662119373531146,0.03086003449529849,-0.3210114669350587
0.8169796568002635,1.0211416993277571,-0.10414665481527692,0.07511228747474087,-0.11658292062775238,0.033834963852173786,-0.32280521650262417
0.8208654500043703,1.0206887756446783,-0.10400939698041009,0.07385448344538978,-0.11653277023113312,0.036818073693314794,-0.32458119304845806
0.8247071198573007,1.0202412100453313,-0.1038622216975237,0.07260417312203975,-0.11647094069924287,0.03980948018184136,-0.326339431701347
0.8285052638368956,1.0197989720032317,-0.10370533617473952,0.07136138425531612,-0.11639762656365409,0.04280930001900491,-0.3280799591243081
0.8322604735267614,1.0193620295628856,-0.10353894315446059,0.07012614099478325,-0.1163130186992056,0.04581765530496471,-0.3298027965032325
0.8359733261442802,1.018930350409942,-0.10336324136860944,0.06889846682590695,-0.11621730457720832,0.048834666466426604,-0.3315079556039477
0.839644394924409,1.0185039007439272,-0.10317842517122104,0.06767838130799023,-0.11611066810770405,0.05186046024387046,-0.33319544347763647
0.8432742372754222,1.0180826467326451,-0.10298468520465126,0.06646590414713996,-0.11599329003541133,0.05489515968460572,-0.3348652569620908
0.8468634097708234,1.01766655284591,-0.10278220772826459,0.06526105035426728,-0.11586534757080029,0.05793889620532183,-0.33651738951645166
0.8504124551028777,1.0172555834425139,-0.10257117538520591,0.06406383473266127,-0.11572701486463037,0.06099179844122195,-0.33815182516491354
0.8539219091855045,1.0168497020151468,-0.10235176691870955,0.06287426964538356,-0.11557846285826201,0.06405399784334188,-0.3397685417071352
0.8573923001229766,1.0164488713773834,-0.1021241573057606,0.061692365487228215,-0.11541985937889578,0.06712562754173144,-0.3413675101885406
0.8608241451659562,1.0160530540792034,-0.10188851805233408,0.060518131854590464,-0.11525136935945468,0.07020681930702508,-0.3429486934424365
0.8642179563559403,1.015662211816972,-0.1016450169095598,0.059351575748273516,-0.11507315465152815,0.07329770823827976,-0.34451204863638796
0.8675742392300897,1.0152763056441785,-0.10139381801677987,0.05819270212232596,-0.11488537412445039,0.07639843142580266,-0.3460575266209011
0.8708934906840624,1.014895296275221,-0.10113508213659188,0.057041514735822856,-0.11468818384364968,0.07950912571576964,-0.347585070890549
0.874176199190116,1.0145191441147816,-0.10086896673631596,0.05589801619988578,-0.11448173714277243,0.08262992755203985,-0.3490946176320834
0.877422846588516,1.0141478091053384,-0.10059562593175451,0.054762207468716635,-0.11426618458593636,0.08576097435380034,-0.35058609649677563
0.8806339084149494,1.0137812507417654,-0.10031521052860531,0.05363408782783552,-0.11404167399882456,0.08890240459096405,-0.35205943069760376
0.8838098534590748,1.0134194281719064,-0.10002786812942732,0.05251365514940339,-0.113808350551957,0.0920543571135536,-0.353514536753298
0.8869511419869957,1.0130623004463428,-0.09973374337709365,0.05140090662384517,-0.11356635695998588,0.0952169690831191,-0.3549513236240061
0.890058230386262,1.0127098260358032,-0.09943297760111823,0.050295837215960024,-0.11331583319135118,0.0983903803479277,-0.356369694786773
0.8931315667346941,1.0123619633798249,-0.09912570929836445,0.04919844132687954,-0.11305691685996964,0.10157472874807279,-0.3577695461565232
0.896171593979917,1.0120186705684402,-0.0988120739017781,0.04810871175834727,-0.11278974303159724,0.10477015307812045,-0.3591507674884869
0.8991787467451583,1.01167990574428,-0.09849220417732511,0.04702664094659616,-0.11251444455730111,0.10797678948317894,-0.3605132408766396
0.9021534556639573,1.0113456266527299,-0.09816622984604716,0.04595221949627048,-0.11223115174769774,0.1111947757569589,-0.3618568426743674
0.9050961450032744,1.0110157909490725,-0.0978342778912496,0.04488543711521798,-0.11193999262900521,0.11442424861693848,-0.363181442363539
0.9080072322592834,1.0106903562798029,-0.09749647268019783,0.04382628284792301,-0.111641093046743,0.11766534296301456,-0.3644869023286927
0.9108871300219267,1.0103692801090334,-0.09715293582017315,0.04277474448058264,-0.11133457653416201,0.12091819366896209,-0.3657730786494376
0.9137362447494989,1.01005251988988,-0.09680378636260097,0.04173080906442215,-0.1110205644861921,0.12418293398132267,-0.3670398205029794
0.9165549770980345,1.0097400330600317,-0.09644914083363482,0.04069446287438783,-0.11069917618206258,0.12745969561115963,-0.36828697026912754
0.9193437232631112,1.0094317769247874,-0.09608911312662338,0.039665690989784924,-0.1103705286803926,0.13074861005256525,-0.36951436407806204
0.9221028725886744,1.009127708952183,-0.09572381486910024,0.038644478247669124,-0.11003473714592601,0.1340498055325221,-0.37072183071127823
0.924832810220701,1.0088277865086244,-0.09535335514478288,0.03763080833603908,-0.1096919145894608,0.1373634098736168,-0.37190919272895295
0.9275339150076994,1.0085319671183903,-0.09497784083222414,0.03662466464001318,-0.10934217217187109,0.14068954773012082,-0.3730762655100124
0.9302065618964911,1.0082402082276123,-0.09459737633846899,0.03562602941929857,-0.10898561894985474,0.1440283432499566,-0.3742228582527201
0.9328511196049671,1.0079524674852016,-0.09421206398140608,0.03463488474070258,-0.10862236222432368,0.1473799169574465,-0.3753487729300432
0.9354679528946249,1.0076687025196445,-0.09382200372604589,0.03365121169366319,-0.10825250728579083,0.15074438833100237,-0.3764538052280346
0.9380574200867162,1.0073888712327952,-0.09342729360859972,0.032674991385184385,-0.10787615780738284,0.15412187237486694,-0.37753774345735375
0.9406198755250937,1.0071129315552412,-0.09302802943227415,0.03170620407697462,-0.10749341554983644,0.15751248249573513,-0.3786003695657508
0.9431556695930216,1.006840841468199,-0.09262430480721921,0.03074482923421334,-0.10710438038830455,0.16091633034241276,-0.37964145909737557
0.9456651469788646,1.00657255921137,-0.0922162114782633,0.029790846239985465,-0.10670915061884649,0.16433352324039896,-0.38066078044491924
0.948148647469986,1.0063080432169331,-0.09180383926456673,0.0288442341543827,-0.10630782289469717,0.16776416493242696,-0.3816580951610305
0.9506065070606808,1.0060472520111685,-0.09138727592982235,0.02790497134742626,-0.10590049209151946,0.1712083568449004,-0.3826331583773886
0.9530390563158065,1.005790144407357,-0.09096660750937313,0.026973036177217465,-0.10548725161801424,0.17466619555035398,-0.38358571812674724
0.955446622281132,1.00553667932108,-0.09054191803995569,0.02604840631270573,-0.10506819314361272,0.17813777517257343,-0.3845155160803989
0.9578295263989873,1.005286816007447,-0.09011328997571409,0.025131059584405015,-0.10464340699974467,0.18162318413314324,-0.38542228671913703
0.9601880874325216,1.0050405137702,-0.08968080372107277,0.02422097291065523,-0.10421298171012314,0.18512250911240744,-0.3863057584421449
0.9625226180979376,1.004797732330503,-0.08924453828961244,0.0233181236434682,-0.10377700463610086,0.1886358298349463,-0.38716565227694244
0.9648334274963695,1.0045584315868312,-0.08880457091988402,0.022422488680641534,-0.10333556158875985,0.1921632223304256,-0.3880016828013524
0.9671208213924999,1.0043225716019974,-0.08836097706180882,0.021534044401678522,-0.10288873680491582,0.19570475914031166,-0.38881355822041114
0.9693850996823438,1.004090112878155,-0.08791383091757565,0.020652767696797154,-0.10243661348399333,0.19926050510917376,-0.38960097946716693
0.971626559813825,1.0038610160171155,-0.08746320482967088,0.019778634683175884,-0.10197927316436724,0.202830522376291,-0.39036364142469704
0.9738454947260405,1.0036352419457484,-0.08700916972762196,0.018911621548261048,-0.1015167961656043,0.20641486690065633,-0.39110123219930126
0.9760421925946264,1.0034127519525204,-0.08655179524005817,0.01805170469395061,-0.10104926169736132,0.2100135876776557,-0.39181343307378774
0.9782169382810643,1.0031935075512197,-0.08609114944886295,0.01719886021196813,-0.10057674760223112,0.21362672875912067,-0.39249991901441134
0.980370012981198,1.0029774705283707,-0.08562729900365477,0.016353064060314816,-0.10009933046428579,0.21725432840986136,-0.39316035856667736
0.9825016942860139,1.0027646029479669,-0.08516030915322027,0.015514292078086613,-0.09961708563365754,0.22089641891572373,-0.39379441389657704
0.9846122554012845,1.002554867239155,-0.08469024396491731,0.014682520331043508,-0.09913008744635302,0.2245530249238332,-0.3944017405976541
0.9867019657009188,1.0023482261494727,-0.08421716625730205,0.013857724932348318,-0.09863840914942784,0.22822416401893988,-0.39498198791717876
0.9887710912286214,1.0021446427041736,-0.08374113753310504,0.013039881880826089,-0.09814212282466722,0.23190984727647468,-0.3955347989462299
0.9908198947457819,1.0019440802107906,-0.08326221800846857,0.0122289670764822,-0.09764129941136777,0.23561007905504108,-0.3960598106729126
0.9928486351280355,1.0017465023265781,-0.08278046679738109,0.011424956593481703,-0.09713600889234063,0.23932485558679303,-0.3965566538843803
0.9948575673214306,1.0015518730695205,-0.08229594197398181,0.010627826731970148,-0.09662632035430405,0.24305416451331066,-0.3970249532475457
0.9968469436652617,1.0013601566973065,-0.08180870029908233,0.009837553525860866,-0.0961123016942333,0.24679798699338062,-0.3974643276991997
0.9988170122420648,1.0011713178740689,-0.08131879766226072,0.009054113429194302,-0.09559402007852323,0.25055629429548265,-0.3978743901480081
1.000768018190591,1.0009853215498166,-0.08082628880799407,0.008277482825821017,-0.09507154164909297,0.25432904989356847,-0.3982547478724899
1.0027002037787527,1.0008021329607224,-0.08033122735265219,0.007507638029434838,-0.09454493153414673,0.2581162093116271,-0.39860500261122694
1.004613807129939,1.0006217177558052,-0.07983366615288029,0.006744555820068843,-0.09401425423425322,0.2619177172792088,-0.39892475044071907
1.0065090638383098,1.0004440418490408,-0.079333656935783,0.005988212828900775,-0.09347957322391258,0.2657335105296101,-0.399213582195253
1.0083862056110384,1.0002690715525193,-0.07883125069403167,0.005238586107020477,-0.09294095136775928,0.2695635147426467,-0.399471083371986
1.0102454617945782,1.000096773438318,-0.07832649732405249,0.004495652542849974,-0.09239845052842595,0.27340764726106526,-0.3996968345014616
1.012087058876817,0.9999271143908403,-0.07781944579067128,0.0037593890860977506,-0.09185213173622567,0.27726581578021803,-0.39989041119014423
1.0139112192729962,0.9997600617225472,-0.07731014450494,0.003029773258324879,-0.09130205559180352,0.28113791541903305,-0.4000513841650362
1.015718162918137,0.9995955830305895,-0.07679864093071398,0.0023067825406826873,-0.0907482818384234,0.28502383165508605,-0.40017931963378583
1.0175081074129737,0.9994336461887898,-0.07628498157251544,0.0015903943384606635,-0.09019086934215634,0.2889234403465481,-0.40027377943085907
1.0192812668479982,0.9992742194582556,-0.0757692123473619,0.0008805864742713747,-0.08962987648985751,0.2928366048374384,-0.400334321125554
1.0210378531099322,0.9991172713725848,-0.07525137824787766,0.00017733668711136785,-0.08906536081902204,0.2967631784410851,-0.4003604982907013
1.022778074066503,0.9989627709034056,-0.07473152391373425,-0.0005193766198033161,-0.08849737963598515,0.300703000028369,-0.4003518606822023
1.0245021378995955,0.9988106870787861,-0.07420969237325689,-0.0012095760933316462,-0.0879259886363975,0.3046559034830214,-0.4003079544346471
1.0262102521263246,0.9986609890802142,-0.07368592532195682,-0.0018932850179780177,-0.08735124219595627,0.30862171549299305,-0.4002283220321505
1.0279026170122691,0.9985136468226264,-0.07316026517721885,-0.002570524659457346,-0.08677319562049889,0.3126002399069774,-0.40011250284209476
1.0295794314711395,0.998368630435023,-0.07263275333760334,-0.003241316607948894,-0.08619190323767974,0.316591270833915,-0.3999600332683466
1.0312408913366737,0.9982259104142408,-0.07210343074707394,-0.003905682068524989,-0.08560741901207601,0.32059458827963067,-0.39977044709670645
1.0328871901461762,0.9980854575588642,-0.07157233768566491,-0.004563642157459074,-0.08501979631107022,0.32460995963877975,-0.39954327571903947
1.0345185190047397,0.9979472429832217,-0.07103951384376438,-0.0052152178312228825,-0.08442908798251139,0.3286371390391367,-0.39927804842453274
1.036135066706677,0.9978112381090718,-0.07050499831440508,-0.00586042991892758,-0.08383534634206727,0.33267586730584753,-0.3989742926760067
1.0377370195563205,0.9976774146824828,-0.0699688296841441,-0.006499299035345639,-0.08323862327018383,0.33672587118091246,-0.3986315344531993
1.0393245621953133,0.9975457447066388,-0.06943104578559647,-0.007131845895798987,-0.0826389699324565,0.34078686509892486,-0.39824929838638334
1.0408978765243153,0.9974162005337079,-0.06889168408723129,-0.007758090871602659,-0.08203643720936282,0.3448585481503693,-0.39782710830925
1.0424571426853013,0.9972887547847825,-0.06835078139073504,-0.008378054367574071,-0.08143107535508792,0.34894060627652884,-0.39736448736746977
1.0440025382564702,0.9971633804176095,-0.06780837413561357,-0.008991756488165277,-0.0808229343339772,0.3530327098816168,-0.39686095858618653
1.0455342392073534,0.9970400506499715,-0.06726449809517804,-0.009599217404175483,-0.08021206347639032,0.35713451604118,-0.3963160449439845
1.0470524195572748,0.996918738989556,-0.06671918851769325,-0.010200457203848795,-0.07959851163215882,0.36124566735330227,-0.39572926981303164
1.0485572512761143,0.9967994192432307,-0.0661724801876152,-0.010795495841283633,-0.07898232723552216,0.36536579139755826,-0.39510015737163123
1.0500489039119691,0.9966820655471466,-0.06562440759042039,-0.01138435297803912,-0.07836355848775582,0.3694944994188881,-0.39442823318051184
1.0515275461224771,0.996566652247254,-0.06507500437564162,-0.011967048576433126,-0.0777422527472831,0.3736313903026944,-0.3937130238996735
1.0529933436043133,0.9964531540631051,-0.06452430414277961,-0.012543602071372489,-0.07711845741339753,0.3777760445900322,-0.3929540586391587
1.054446461107191,0.9963415459312899,-0.06397233971890041,-0.013114033153770646,-0.07649221910600698,0.3819280298588738,-0.3921508684233662
1.05588706140818,0.9962318030868471,-0.06341914355987764,-0.013678361355536042,-0.0758635841152802,0.3860868976493665,-0.39130298709310973
1.0573153052933337,0.9961239010648612,-0.06286474778426618,-0.01423660603324377,-0.07523259843718567,0.3902521831650546,-0.3904099517930876
1.05873135208557,0.996017815661058,-0.06230918399238627,-0.014788786565285768,-0.07459930756429287,0.3944234065949811,-0.3894713031102346
1.0601353592703042,0.9959135229609705,-0.06175248343201279,-0.015334922196048597,-0.07396375667063185,0.39860007183863466,-0.3884865857589767
1.061527482837588,0.995810999314977,-0.06119467688501432,-0.01587503216032692,-0.0733259904789548,0.4027816673359494,-0.3874553488237926
1.0629078765649893,0.9957102213914811,-0.060635794976658046,-0.01640913539683172,-0.07268605361112762,0.40696766373787924,-0.3863771467853178
1.0642766929209904,0.9956111661104305,-0.060075867836804214,-0.016937250891200992,-0.07204399019786223,0.41115751644706994,-0.3852515393729651
1.0656340829858266,0.9955138106503105,-0.05951492514666044,-0.017459397636150318,-0.07139984392810021,0.4153506652740463,-0.384078092080652
1.0669801961173657,0.9954181324727328,-0.0589529962946258,-0.017975594494837373,-0.07075365822439862,0.4195465332916027,-0.3828563769514571
1.0683151795880472,0.9953241093476153,-0.05839011055294549,-0.018485860056044225,-0.07010547644378037,0.4237445255534516,-0.3815859734920535
1.0696391797086016,0.9952317192735348,-0.05782629662739315,-0.01899021305817618,-0.06945534135674458,0.42794403250292523,-0.3802664681875529
1.0709523405358141,0.9951409405685506,-0.05726158322280803,-0.019488671889485366,-0.06880329579576741,0.4321444258175442,-0.3788974563007649
1.0722548050453753,0.9950517517878456,-0.056695998565683976,-0.019981255029846365,-0.06814938210238358,0.4363450620432226,-0.3774785413006701
1.073546714166983,0.9949641317901154,-0.0561295708390847,-0.02046798067939244,-0.06749364262673083,0.4405452794517989,-0.37600933645846046
1.0748282071524067,0.9948780597109469,-0.055562328049145744,-0.02094886689527409,-0.06683611957167437,0.44474439914933267,-0.3744894651224566
1.0760994220641777,0.9947935149295289,-0.054994297828232605,-0.02142393177082073,-0.06617685476211198,0.4489417266595346,-0.37291856075121
1.0773604947037574,0.9947104771394164,-0.05442550793300105,-0.021893193031151992,-0.06551589022055397,0.45313654838768636,-0.3712962688598489
1.0786115593998928,0.9946289262942819,-0.05385598591877756,-0.022356668327379977,-0.06485326778802114,0.45732813420240725,-0.3696222467721635
1.0798527491333405,0.9945488425992723,-0.05328575910042472,-0.0228143752796005,-0.06418902907601734,0.46151573790646366,-0.36789616408551346
1.081084194721382,0.9944702065624774,-0.052714854947968764,-0.023266331174830058,-0.06352321592549039,0.4656985945409371,-0.3661177044902158
1.0823060253189962,0.9943929989602652,-0.052143300884040705,-0.023712553153956453,-0.0628558701701334,0.4698759221186245,-0.36428656585750585
1.08351836838651,0.9943172008376847,-0.05157112432164085,-0.02415305820074624,-0.062187033679030786,0.4740469216095842,-0.36240246102374074
1.0847213496413255,0.9942427935096085,-0.050998352710300406,-0.02458786312617515,-0.06151674840937257,0.47821077689338226,-0.3604651186241425
1.0859150928464592,0.9941697585715044,-0.05042501366211318,-0.025016984495560522,-0.060845056553080736,0.48236665416341756,-0.3584742842322341
1.0870997199001327,0.9940980778911317,-0.049851134936484486,-0.02544043866636526,-0.060172000518528564,0.486513702393258,-0.3564297210571168
1.0882753511820458,0.9940277335852233,-0.04927674429658215,-0.02585824191677832,-0.05949762276132651,0.49065105475153414,-0.35433121015666635
1.0894421048696046,0.9939587080580577,-0.0487018698667063,-0.026270410207955314,-0.05882196620299453,0.49477782643421525,-0.3521785524682711
1.0906000975189158,0.9938909839636221,-0.04812653987543827,-0.026676959398564504,-0.058145073929152295,0.4988931169650071,-0.34997156864736484
1.091749443096707,0.9938245442590579,-0.04755078316339697,-0.027077904914003446,-0.05746698978667789,0.5029960070487434,-0.3477101017988637
1.0928902547392056,0.9937593720992137,-0.04697462833175177,-0.02747326237165897,-0.05678775738114373,0.50708556516971,-0.34539401495646216
1.0940226428151247,0.9936954509456433,-0.046398104736496776,-0.027863046914882547,-0.056107421247339646,0.5111608410568563,-0.3430231957593553
1.0951467163997592,0.9936327644785483,-0.045821241772349544,-0.02824727373704574,-0.05542602600530782,0.5152208713697319,-0.34059755440038025
1.0962625825227288,0.993571296636538,-0.04524406927639505,-0.02862595783255348,-0.05474361683588076,0.5192646774606643,-0.338117026030761
1.0973703458749415,0.9935110316284044,-0.044666617709353776,-0.028999113913860106,-0.05406023969554468,0.5232912647950718,-0.33558157239115244
1.0984701092041569,0.9934519539068593,-0.044088917980333465,-0.029366756563406655,-0.053375941109835276,0.5272996249148975,-0.3329911819159388
1.0995619744862517,0.9933940481029414,-0.043511000849395534,-0.029728900636837356,-0.052690767464666236,0.5312887403113508,-0.3303458677726349
1.100646040805082,0.9933372991363411,-0.04293289806344928,-0.030085560569800007,-0.05200476635152523,0.5352575773327874,-0.32764567372633097
1.101722405437946,0.9932816921524246,-0.04235464181368658,-0.030436750761265313,-0.05131798592535227,0.539205090811356,-0.32489067254724463
1.1027911643498314,0.9932272124935918,-0.04177626448765186,-0.030782485749862736,-0.050630474609246065,0.5431302266124588,-0.3220809655385354
1.1038524119295545,0.993173845710472,-0.041197798823845194,-0.031122780140551677,-0.049942281276661574,0.5470319214524049,-0.31921668391412317
1.1049062400918348,0.9931215776032026,-0.04061927842131452,-0.03145764833577096,-0.04925345585729794,0.5509091004171662,-0.3162979920462029
1.1059527397792326,0.9930703941423912,-0.04004073693806579,-0.03178710503515417,-0.04856404838274221,0.5547606833533348,-0.3133250841730782
1.1069920002077345,0.9930202815042527,-0.03946220851439987,-0.032111165009146854,-0.04787410948877505,0.5585855830100979,-0.31029818709459833
1.1080241090932381,0.9929712260562946,-0.03888372766138803,-0.03242984318800075,-0.047183690281397114,0.5623827068284215,-0.3072175602009403
1.1090491529737458,0.9929232143394393,-0.03830532908930034,-0.03274315477628474,-0.046492842130385965,0.5661509591221797,-0.30408349507802124
1.1100672168426076,0.9928762330829927,-0.037727047920760995,-0.0330511151543979,-0.045801616921893384,0.5698892407614062,-0.3008963171209233
1.111078384594739,0.9928302691813745,-0.037148919445194925,-0.03335374002938643,-0.04511006676321471,0.5735964518793506,-0.29765638463785016
1.1120827390078845,0.9927853096933124,-0.03657097913110613,-0.03365104544053297,-0.044418243994958514,0.5772714928976564,-0.2943640892601975
1.1130803616045717,0.992741341846135,-0.03599326270753763,-0.03394304773067779,-0.04372620128615246,0.5809132651451364,-0.2910198567237733
1.1140713337209442,0.9926983529875202,-0.03541580554252098,-0.03422976386754938,-0.04303399088672165,0.5845206758985164,-0.287624143487697
1.115055734949829,0.9926563306528244,-0.03483864354218167,-0.03451121099695843,-0.04234166570161106,0.5880926338598309,-0.28417744212083584
1.1160336451984183,0.992615262475367,-0.03426181194430717,-0.03478740704252735,-0.041649277841100195,0.5916280578079429,-0.28068027427658954
1.1170051430065147,0.9925751362583841,-0.03368534629326531,-0.03505837022577805,-0.040956879786301414,0.5951258716583407,-0.27713319648787693
1.1179703070062308,0.9925359399134758,-0.03310928156966308,-0.035324119480727535,-0.04026452334079966,0.5985850109124671,-0.2735367948442894
1.1189292152153048,0.9924976614908132,-0.032533652593547145,-0.03558467425201697,-0.03957226011043496,0.602004421259266,-0.2698916872774889
1.1198819456583842,0.9924602891547486,-0.03195849363819724,-0.03584005466126994,-0.03888014103477391,0.6053830619431888,-0.266198520915706
1.120828576049257,0.9924238111978331,-0.031383838602902094,-0.03609028141261645,-0.03818821659025155,0.6087199057486445,-0.2624579728529297
1.1217691843325994,0.9923882160212553,-0.03080972066619603,-0.036335375926896334,-0.037496536368078315,0.6120139420100501,-0.2586707475172749
1.122703848588653,0.9923534921409425,-0.030236172320551268,-0.03657536030040317,-0.036805149110803605,0.6152641773176978,-0.2548375763826967
1.1236326470056834,0.992319628190784,-0.029663225367426715,-0.036810257281840994,-0.03611410270137812,0.6184696364415857,-0.25095921738979016
1.124555658135165,0.9922866129156905,-0.029090910737520986,-0.037040090318834755,-0.03542344394137908,0.6216293641928285,-0.24703645312025602
1.1254729605676834,0.9922544351857944,-0.02851925866861635,-0.03726488345665935,-0.03473321876060706,0.6247424252486665,-0.243070091339623
1.126384633879921,0.9922230839659991,-0.02794829809207254,-0.03748466154758151,-0.03404347147132633,0.6278079082515065,-0.23906096000492802
1.1272907582470648,0.9921925483339216,-0.02737805684456096,-0.03769945012272797,-0.033354245018139876,0.6308249252594199,-0.23500990783192385
1.128191414501687,0.9921628174816031,-0.026808561604970447,-0.03790927537518806,-0.032665580896500554,0.6337926126802355,-0.23091780295413894
1.129086683559814,0.9921338807376562,-0.026239838234214063,-0.03811416399705016,-0.03197751955881926,0.6367101300879424,-0.22678553446891275
1.1299766478881472,0.9921057275231303,-0.025671910820549256,-0.038314143484105806,-0.03129009925476966,0.6395766656494969,-0.22261400456150585
1.1308613898825526,0.9920783474079085,-0.02510480268501288,-0.038509241728193845,-0.030603357242798623,0.6423914313878488,-0.21840413478394038
1.1317409933756035,0.9920517300667588,-0.02453853539692205,-0.0386994873194751,-0.029917328593912582,0.6451536685309316,-0.2141568577849726
1.132615542832746,0.9920258653091114,-0.023973129263014367,-0.0388849093243327,-0.029232046779033016,0.6478626453139666,-0.20987311979140755
1.1334851236940604,0.9920007430727694,-0.02340860308609653,-0.03906553731828313,-0.0285475433722774,0.6505176583902009,-0.20555387768654745
1.1343498222792143,0.9919763534311445,-0.02284497420498313,-0.0392414013212705,-0.0278638480950753,0.6531180327803319,-0.20120009815566575
1.1352097256582012,0.9919526866009764,-0.02228225855997788,-0.03941253172781145,-0.027180988891709213,0.6556631216785422,-0.19681275704513798
1.1360649220652628,0.991929732935074,-0.021720470404405837,-0.03957895934427354,-0.026498991575564974,0.6581523077964639,-0.19239283595033813
1.136915499791683,0.9919074829559679,-0.021159623016484535,-0.03974071512854645,-0.02581788068994771,0.6605850002035396,-0.18794132665806781
1.1377615488858273,0.9918859273144143,-0.020599727567814186,-0.03989783047371154,-0.02513767813121184,0.6629606392529397,-0.18345922106642684
1.1386031600238342,0.9918650568239851,-0.020040793851533945,-0.040050336939167444,-0.02445840402965251,0.6652786931895703,-0.1789475157245268
1.1394404244228535,0.9918448624661999,-0.019482830332352014,-0.04019826619344248,-0.023780076808036368,0.6675386578365149,-0.17440721113670782
1.1402734341730838,0.9918253353855764,-0.018925843918776362,-0.040341650030180344,-0.02310271290260838,0.6697400573478308,-0.16983930880799056
1.1411022824829047,0.9918064668879254,-0.018369839790948198,-0.04048052036037672,-0.022426326551461487,0.6718824445675389,-0.16524480867706312
1.1419270624377444,0.9917882484719097,-0.017814822228885634,-0.04061490895878897,-0.02175093080037139,0.6739653975314411,-0.16062471486281252
1.1427478687383998,0.9917706717927245,-0.017260793443731996,-0.04074484770934977,-0.02107653607950466,0.6759885236145765,-0.1559800249259471
1.1435647957462511,0.9917537287081107,-0.016707754893179546,-0.040870368243281704,-0.020403151803019028,0.6779514542314704,-0.15131173977860513
1.1443779395308349,0.9917374112374464,-0.016155705900658443,-0.040991502218707565,-0.01973078468733091,0.679853849453157,-0.14662085108262746
1.1451873961275087,0.9917217116012825,-0.015604644836161223,-0.041108281004924044,-0.019059440188012092,0.6816953932974111,-0.14190835018565598
1.1459932616847173,0.9917066222190573,-0.015054569026739434,-0.04122073567513477,-0.01838912239102785,0.6834757937603637,-0.1371752265053945
1.1467956336059295,0.991692135689736,-0.014505473984891423,-0.04132889712708376,-0.017719833072429997,0.6851947848562627,-0.1324224599817243
1.1475946091875193,0.9916782448196891,-0.013957354346584338,-0.041432795851729015,-0.017051572841481823,0.6868521230489445,-0.12765102824741123
1.1483902863764368,0.9916649426103272,-0.013410203365063576,-0.041532462001612584,-0.016384340524241203,0.6884475883827981,-0.12286190142920786
1.1491827632035194,0.9916522222695475,-0.01286401331230858,-0.041627925281567696,-0.015718133653665575,0.6899809827550925,-0.11805604483706558
1.1499721381494952,0.9916400772068333,-0.012318775242096375,-0.04171921496181669,-0.015052948181606797,0.6914521301060255,-0.11323441613188068
1.1507585101146902,0.9916285010354791,-0.011774479025515143,-0.041806359838053586,-0.01438877852307766,0.6928608757339155,-0.1083979648845314
1.1515419776411875,0.9916174875849159,-0.011231113906960298,-0.04188938811552122,-0.013725618236022814,0.6942070843444197,-0.10354763683119768
1.1523226399887285,0.9916070308856928,-0.010688667778090572,-0.04196832749929021,-0.013063459136855086,0.6954906414069506,-0.09868436676908876
1.1531005963397263,0.991597125181905,-0.01014712774784361,-0.04204320507830981,-0.012402291997651202,0.6967114511527438,-0.09380908300306626
1.1538759462903023,0.9915877649253323,-0.00960647982195352,-0.0421140473477079,-0.011742106156717887,0.69786943678987,-0.08892270388481878
1.1546487890521218,0.9915789447857821,-0.00906670948102458,-0.04218088010909127,-0.011082890226368667,0.6989645387089003,-0.08402614247869974
1.1554192239511802,0.9915706596447275,-0.00852780135679405,-0.04224372849765978,-0.010424631699823758,0.6999967147384215,-0.07912030314432748
1.1561873506485107,0.991562904593609,-0.007989739100743111,-0.042302616974816895,-0.009767316792831266,0.7009659398280749,-0.07420607984028084
1.1569532683257058,0.9915556749424119,-0.007452505978836959,-0.042357569243330125,-0.009110931172493213,0.7018722044416935,-0.0692843610957241
1.1577170759732183,0.9915489662156893,-0.006916084696383541,-0.042408608258334854,-0.008455459745905256,0.7027155145110956,-0.0643560280208687
1.1584788734227194,0.9915427741438974,-0.006380456698237796,-0.04245575627490156,-0.007800885807481443,0.7034958919915735,-0.05942194746918053
1.1592387592504083,0.9915370946811272,-0.005845603668453649,-0.042499034695394504,-0.00714719287410343,0.7042133720973625,-0.05448298546333838
1.1599968325306365,0.9915319239895883,-0.005311506325522634,-0.04253846417056764,-0.006494363215635273,0.7048680047247774,-0.04953999578360978
1.1607531921623104,0.9915272584451313,-0.00477814492299836,-0.042574064541324695,-0.005842378469413113,0.7054598532364525,-0.04459382425626494
1.1615079367546053,0.9915230946372122,-0.0042454993583158716,-0.04260585482351069,-0.005191219776108353,0.7059889939517562,-0.039645309479471647
1.1622611647319236,0.9915194293674018,-0.0037135491273009185,-0.04263385320460085,-0.00454086772701147,0.7064555158325888,-0.03469528214023359
1.163012974258222,0.9915162596489957,-0.0031822734062231304,-0.04265807703279914,-0.0038913024672607224,0.7068595200418245,-0.029744565533188924
1.1637634630970803,0.9915135827065266,-0.0026516511796301793,-0.042678542807689915,-0.00324250385510189,0.7072011195270661,-0.024793976529092862
1.1645127289182728,0.9915113959735637,-0.002121661052604736,-0.042695266184803446,-0.0025944512353136715,0.7074804388373189,-0.01984432361625723
1.1652608688917463,0.9915096970930831,-0.0015922815668414207,-0.04270826196135585,-0.001947123828670543,0.7076976136269888,-0.014896409656624908
1.1660079806891623,0.991508483914421,-0.001063490520925616,-0.042717544088937985,-0.0013004999037713352,0.7078527906120724,-0.009951025352289401
1.16675416047964,0.9915077544960714,-0.0005352664177616023,-0.042723125642324083,-0.0006545585499941418,0.7079461267957072,-0.005008962612599912
1.1674995048054764,0.9915075071006721,-0.000007587166105671515,-0.042725018848860645,-0.000009278092716071733,0.7079777897096438,-0.00007100225967991095
1.1682441097693932,0.9915077401955432,0.0005195693154855966,-0.04272323507619852,0.0006353631651713124,0.7079479569631923,0.004862080471249703
1.1689887114998447,0.991508453270692,0.0010466784276803697,-0.04271777856580178,0.0012799412922874943,0.7078567112209041,0.009793756758972101
1.1697340838072374,0.9915096477415414,0.0015742420923249025,-0.04270863952500119,0.0019250647713284965,0.7077039246672092,0.014727743355078678
1.170480321927032,0.991511325230623,0.002102281546235386,-0.042695807282792916,0.002570754240857487,0.707489479215693,0.01966325439672534
1.1712275210978462,0.9915134875615941,0.0026308177317835974,-0.04267927034298327,0.0032170299460861874,0.7072132675935411,0.024599497170254017
1.1719757768968593,0.9915161367606378,0.00315987150651817,-0.04265901638161363,0.0038639119923351813,0.706875193496537,0.029535674248640124
1.1727251855694218,0.9915192750591297,0.003689463848084333,-0.04263503223549349,0.00451142059268369,0.706475171598089,0.034470985582877714
1.1734758430293015,0.9915229048907207,0.004219615119600846,-0.04260730393420539,0.0051595751668792435,0.706013128285213,0.039404621846478007
1.1742278456811817,0.9915270288951066,0.0047503456233977046,-0.04257581668176279,0.005808395015548445,0.705489001555165,0.04433576981088024
1.1749812906182977,0.9915316499209531,0.005281675711994313,-0.04254055484556094,0.0064578994529401095,0.7049027410359444,0.04926361358156514
1.1757362747019375,0.9915367710216366,0.005813625110718562,-0.04250150200094294,0.007108106975998491,0.704254308931731,0.054187328538151294
1.1764928946859814,0.9915423954554923,0.006346212979190792,-0.04245864094205077,0.007759035336867617,0.7035436804035861,0.05910608218009514
1.1772512484134194,0.9915485266955486,0.006879458726182059,-0.04241195362119775,0.00841070253604482,0.7027708427648189,0.0640190419177927
1.1780114329258136,0.9915551684159518,0.007413380652074327,-0.04236142126661049,0.009063125160516156,0.7019357976299496,0.06892536282605588
1.1787735461316338,0.991562324505556,0.007947997095833286,-0.04230702429394581,0.009716319782852619,0.7010385596424138,0.07382419852903337
1.1795376855222326,0.9915699990574177,0.00848332550671051,-0.04224874240197011,0.010370301824268102,0.700079158243906,0.07871469299347927
1.1803039490888463,0.9915781963775044,0.009019383062155061,-0.042186554522764076,0.0110250863071128,0.699057637033589,0.08359598655030356
1.1810724346603416,0.9915869209785406,0.009556186178408844,-0.04212043888557271,0.011680687254527753,0.6979740549931489,0.0884672117936374
1.1818432400970724,0.9915961775817927,0.010093750622313125,-0.04205037302092702,0.012337117824757824,0.6968284867162171,0.09332749501587019
1.1826164632599652,0.9916059711166766,0.010632091466101813,-0.04197633378193282,0.012994390253725686,0.6956210229090248,0.09817595623057733
1.1833922024490786,0.9916163067266298,0.011171223369005414,-0.04189829731884905,0.013652516196634667,0.6943517701187658,0.10301171215051297
1.1841705556306865,0.9916271897593577,0.011711160016426313,-0.04181623917234546,0.014311506041178637,0.6930208523821946,0.1078338716123617
1.184951620198652,0.9916386257620001,0.01225191393537975,-0.0417301343296775,0.01497136868066974,0.6916284122395064,0.11264153448986353
1.1857354937726403,0.9916506204915301,0.012793497028634648,-0.0416399571665816,0.015632112164299262,0.6901746098796462,0.11743379702486095
1.1865222744680235,0.9916631799196796,0.013335920739037875,-0.04154568143138859,0.01629374389567808,0.68865962296732,0.12220975379775353
1.1873120590683726,0.9916763102033492,0.013879194770743406,-0.04144728048842706,0.016956269071507594,0.6870836506082527,0.12696848706095537
1.1881049456004669,0.9916900177252924,0.014423328846418015,-0.04134472703430183,0.017619692823565656,0.6854469088209451,0.1317090828281801
1.1889010306004457,0.9917043090479484,0.01496833081031928,-0.041237993465727825,0.018284017904229493,0.6837496364304815,0.13643061491618882
1.1897004109079368,0.9917191909421504,0.015514207847955734,-0.041127051686353944,0.018949246172942448,0.6819920919456061,0.141132156329868
1.1905031828895627,0.9917346703725298,0.01606096593991417,-0.041011873238096845,0.019615377929561924,0.6801745555963462,0.14581277523276495
1.1913094425682553,0.9917507544981534,0.016608609939442548,-0.040892429318456595,0.020282412008495294,0.6782973295149703,0.1504715363970524
1.1921192853462481,0.9917674506651273,0.0171571433750271,-0.0407686908575466,0.020950345538031497,0.6763607388213546,0.1551075003342891
1.1929328071005503,0.9917847664277197,0.01770656918305648,-0.040640628383861704,0.021619174832306173,0.6743651293700704,0.1597197302953898
1.193750101796259,0.9918027094962283,0.01825688808735866,-0.04050821243217487,0.02228889341862134,0.6723108739216881,0.16430727948719145
1.1945712642520394,0.9918212877935033,0.0188081004624839,-0.04037141314722124,0.022959494306148905,0.6701983657275066,0.16886920761023466
1.1953963877818885,0.9918405094014718,0.019360204740800756,-0.04023020070013433,0.02363096804787711,0.6680280247207737,0.1734045684569294
1.1962255655228156,0.9918603825876993,0.01991319830540841,-0.04008454511346796,0.02430330382822032,0.6658002944759017,0.17791241829886376
1.197058889722397,0.9918809157863002,0.020467077013441512,-0.03993441642219387,0.024976488884397234,0.6635156443184398,0.18239181292290638
1.197896452403363,0.9919021176112459,0.021021835640945504,-0.039779784596489225,0.025650509048694547,0.6611745677363411,0.18684181222719223
1.198738344516884,0.9919239968325252,0.0215774673242872,-0.03962061973564035,0.026325348071286555,0.658777584871929,0.1912614767042585
1.1995846561509127,0.9919465623773162,0.02213396370761945,-0.03945689207774979,0.027000987801817346,0.6563252421406162,0.19564986970425266
1.200435477313909,0.9919698233478731,0.022691315465235746,-0.039288571888393256,0.027677408825756398,0.6538181100168572,0.20000606256649459
1.2012908960393747,0.9919937889665784,0.023249511068673307,-0.039115629875890144,0.028354588970542768,0.6512567886249612,0.2043291260038695
1.2021510004881242,0.9920184686293052,0.023808538177633426,-0.03893803682119184,0.029032504996738134,0.6486419015578029,0.20861814205864934
1.2030158779568805,0.9920438718753593,0.02436838300129232,-0.038755763811473644,0.02971113182565102,0.6459740986677744,0.21287220010897567
1.203885614486473,0.9920700083715605,0.024929030062259203,-0.038568782368486994,0.030390442256875046,0.6432540571815657,0.21709039616790168
1.2047602954186034,0.9920968879241476,0.025490462576118443,-0.038377064376107634,0.03107040743225452,0.6404824798232417,0.2212718368506135
1.2056400053645187,0.9921245204742292,0.026052662448328472,-0.03818058212558062,0.03175099683582153,0.6376600946341697,0.22541564035948902
1.2065248276801255,0.9921529160770504,0.026615609959677745,-0.037979308474041455,0.03243217791724302,0.6347876563533299,0.229520935203127
1.2074148452080253,0.9921820849210187,0.027179284262768826,-0.03777321671905743,0.033113916697296415,0.6318659436701722,0.23358686487294
1.2083101397086833,0.9922120373054131,0.02774366304252601,-0.0375622807655042,0.03379617736158564,0.6288957606268082,0.2376125863418303
1.2092107924763023,0.9922427836565663,0.02830872292953529,-0.03734647501899251,0.03447892276513066,0.6258779340907383,0.2415972739894882
1.2101168835008445,0.9922743344954036,0.028874438997991754,-0.03712577462047638,0.03516211383054163,0.6228133159894799,0.2455401169657606
1.2110284923780676,0.9923067004641626,0.029440785363461,-0.03690015526355554,0.03584571027549855,0.6197027796542978,0.2494403243108575
1.2119456978295522,0.9923398923060244,0.030007734907849318,-0.03666959334133286,0.036529670285609224,0.6165472207487548,0.25329712385471154
1.2128685782865833,0.9923739208823261,0.03057525966687268,-0.03643406582979849,0.03721395098715884,0.6133475545273762,0.25710976565189086
1.213797211339691,0.9924087971491415,0.031143330515131972,-0.036193550452661885,0.037898508072380925,0.6101047169323598,0.260877520562898
1.214731673813449,0.9924445321556884,0.031711917242059386,-0.03594802569211722,0.03858329589686125,0.6068196635243439,0.2645996815095151
1.215672042124763,0.9924811370541387,0.032280988798353207,-0.035697470720585794,0.03926826778204569,0.6034933673515643,0.26827556575501765
1.2166183924077119,0.992518623101539,0.03285051339586253,-0.03544186538683447,0.039953376140700235,0.6001268175679322,0.2719045160958286
1.2175708011234254,0.9925570016819238,0.0334204588948664,-0.035181190064720175,0.040638572947540245,0.5967210162681568,0.2754859037587043
1.2185293438220755,0.9925962842545416,0.033990792082827695,-0.034915426003607336,0.04132380887685664,0.5932769818924487,0.27901912423696196
1.2194940960097735,0.9926364823853869,0.034561479220471585,-0.03464455510946497,0.04200903396477192,0.5897957451212819,0.28250360115560774
1.2204651335472005,0.992677607762274,0.03513248629567846,-0.03436855984052196,0.0426941979187019,0.5862783463666393,0.28593878806259804
1.2214425323341476,0.9927196721805436,0.035703778852880674,-0.03408742330058831,0.04337924991688474,0.5827258358235334,0.28932416754739465
1.2224263680988203,0.9927626875320603,0.03627532188979532,-0.03380112930749177,0.044064138489495766,0.5791392731583603,0.29265925080223065
1.2234167171346362,0.9928066658357161,0.036847080304042094,-0.033509662184493846,0.04474881205865621,0.5755197237367845,0.29594358033480594
1.2244136567263344,0.9928516192568163,0.037419019146021006,-0.03321300662943985,0.04543321924455616,0.5718682559526288,0.2991767313118073
1.2254172639979424,0.9928975600554059,0.03799110296538865,-0.03291114805259095,0.04611730808683841,0.5681859443490263,0.3023583077247521
1.226427617155915,0.9929445006419336,0.03856329653469305,-0.032604072204392986,0.046801026914397706,0.5644738639875665,0.30548794634635557
1.2274447948359049,0.9929924535479387,0.03913556448173827,-0.03229176536456395,0.04748432390890885,0.5607330917734956,0.3085653144330278
1.2284688773512566,0.9930414314856274,0.03970787199534578,-0.03197421395058681,0.04816714795052255,0.556964700816571,0.31159011321773666
1.2294999447971833,0.9930914472589315,0.04028018376304992,-0.03165140509263631,0.04884944735263049,0.5531697663807131,0.3145620718772346
1.2305380794318328,0.9931425138786103,0.0408524653009694,-0.031323325884500715,0.049531171451075474,0.5493493561275894,0.31748095414509864
1.2315833642655636,0.9931946444966612,0.04142468216025039,-0.0309899638073868,0.050212269659335215,0.5455045343448321,0.32034655361920045
1.232635883623383,0.9932478524353412,0.04199680023405637,-0.030651306540940036,0.050892691836534824,0.5416363589495734,0.3231586948376989
1.2336957231665115,0.9933021511905497,0.04256878576017047,-0.030307341941184233,0.05157238829205844,0.5377458805210226,0.3259172327020258
1.23476296989952,0.9933575544344995,0.043140605314804674,-0.02995805802327167,0.05225130977962707,0.533834141426095,0.3286220518303785
1.2358377124783488,0.9934140760342952,0.043712225965109965,-0.029603442844900737,0.05292940767950879,0.5299021738857875,0.3312730666183426
1.2369200411737842,0.9934717300532434,0.044283615232623745,-0.02924348450044476,0.05360663395569464,0.5259509993538517,0.33387022034129166
1.2380100476308857,0.9935305307408818,0.044854740950470595,-0.028878171185025416,0.05428294098742226,0.5219816286809054,0.336413483787841
1.2391078257391062,0.9935904925830182,0.04542557170108675,-0.028507490886490745,0.05495828208799934,0.5179950582801394,0.3389028564580445
1.2402134703825887,0.9936516302373013,0.045996076143004175,-0.02813143178880017,0.055632610708129346,0.5139922740560522,0.34133836281123126
1.2413270786368882,0.9937139586014189,0.04656622361473135,-0.02774998185364163,0.05630588115093514,0.5099742464796277,0.3437200541458931
1.242448749272109,0.9937774927895702,0.047135983852503345,-0.02736312897165279,0.05697804823791383,0.5059419318714911,0.34604800655371165
1.2435785825341406,0.9938422481228925,0.04770532685911841,-0.026970861024784777,0.057649067154636684,0.5018962726977156,0.34832231961369037
1.2447166809189862,0.9939082401768526,0.048274223272095115,-0.02657316560429211,0.05831889388485988,0.49783819435359433,0.35054311707415364
1.2458631489132819,0.9939754847706931,0.04884264420212416,-0.026170030083949997,0.058987485019156946,0.49376860572252834,0.3527105453299583
1.2470180924244236,0.9940439979372355,0.04941056092544626,-0.02576144180797896,0.05965479739297659,0.48968840084850557,0.35482477144410646
1.2481816192673296,0.9941137959540586,0.049977945102970205,-0.025347387909990356,0.06032078834477427,0.48559845688375003,0.3568859832200605
1.2493538389575147,0.9941848953342354,0.05054476865318244,-0.024927855375641475,0.06098541556668505,0.481499634543842,0.3588943879401622
1.2505348631458484,0.9942573128557175,0.05111100393622607,-0.024502830877164705,0.061648637320288496,0.47739277635129723,0.3608502122302927
1.2517248053792653,0.9943310655503574,0.05167662360802944,-0.024072300848272592,0.06231041226500166,0.4732787072898852,0.36275370072889906
1.2529237804279996,0.9944061706645876,0.05224160027676307,-0.023636251720929202,0.06297069905655787,0.469158236951112,0.3646051141944536
1.254131905552521,0.9944826457407642,0.05280590707781553,-0.0231946694596335,0.0636294570197368,0.46503215502265577,0.36640473068323887
1.255349299407211,0.9945605085514976,0.05336951712805915,-0.022747539952887568,0.0642866455103648,0.4609012349644197,0.3681528429984042
1.2565760826512564,0.9946397771404232,0.053932403786970576,-0.022294848785813663,0.0649422242207571,0.4567662318346634,0.36984975882476334
1.2578123774412198,0.9947204697919185,0.0544945403963536,-0.021836581422734924,0.06559615287674803,0.45262788395671855,0.371495799225589
1.2590583078580562,0.9948026050606292,0.055055900451702784,-0.02137272304697923,0.06624839143799778,0.4484869114460903,0.37309129848575506
1.2603139994501755,0.9948862017434252,0.05561645737016241,-0.020903258728487095,0.0668988998289107,0.4443440177285661,0.37463660277533467
1.2615795798156335,0.9949712789196548,0.05617618472726916,-0.02042817320557977,0.06754763821444211,0.4401998876246029,0.37613207016877187
1.2628551776193615,0.9950578558868307,0.05673505579683308,-0.019947451253126098,0.06819456646760753,0.4360551906075865,0.3775780687746396
1.2641409240414916,0.9951459522597466,0.057293044165313514,-0.019461077138594015,0.06883964488237625,0.43191057612670536,0.3789749777476729
1.265436951612151,0.9952355878934858,0.05785012319225727,-0.01896903506060774,0.06948283354955098,0.42776667749569114,0.3803231852529795
1.2667433938031767,0.995326782854885,0.058406265820432936,-0.018471309309013223,0.0701240921403728,0.4236241132275413,0.38162308750903473
1.2680603862262976,0.9954195575059973,0.058961445070079985,-0.01796788381334794,0.07076338047909365,0.41948348328858115,0.3828750894435096
1.2693880662633148,0.9955139324800795,0.059515633852219786,-0.01745874228500332,0.07140065832839729,0.4153453704267312,0.3840796036589531
1.270726572951981,0.995609928674447,0.06006880489641672,-0.016943868264405002,0.07203588530781077,0.41121034066868584,0.38523704973188755
1.2720760464777021,0.9957075672141202,0.06062093052103595,-0.01642324532191698,0.07266902063225135,0.4070789450129305,0.38634785324291493
1.2734366291237926,0.9958068695203254,0.061171983003947744,-0.01589685669750998,0.07330002353984555,0.4029517166451334,0.3874124460592181
1.2748084644580768,0.9959078572520774,0.06172193422643879,-0.015364685619892697,0.0739288528856121,0.39882917359994735,0.3884312651281968
1.2761916977916292,0.9960105523393987,0.062270755839526355,-0.014826715135870625,0.07455546733464492,0.39471181752655915,0.38940475235312255
1.2775864756087507,0.9961149769407852,0.06281841901724675,-0.014282928338993809,0.07517982508306294,0.39060013555979306,0.3903333537120761
1.2789929466722185,0.9962211535253881,0.0633648948716394,-0.013733307946412601,0.07580188433410136,0.3864945972351651,0.3912175195432671
1.2804112608827596,0.9963291047875497,0.06391015398189426,-0.01317783675082448,0.07642160276379625,0.38239565806138565,0.3920577033130933
1.281841570504563,0.996438853739221,0.06445416684681742,-0.012616497149267223,0.07703893803851229,0.37830375616696965,0.392854361924999
1.2832840285433709,0.9965504235856537,0.06499690324182517,-0.012049271787281046,0.07765384708741288,0.3742193171889,0.39360795434796453
1.2847387899738747,0.9966638378179549,0.06553833267052116,-0.011476143087374931,0.07826628661899929,0.3701427509392724,0.39431894193943123
1.286206011759096,0.9967791202147255,0.0660784243441644,-0.010897093249587817,0.07887621309996339,0.36607445162464386,0.39498778800242706
1.2876858519362302,0.9968962947693948,0.06661714682293446,-0.010312104621937022,0.079483582353195,0.36201480062075597,0.39561495697754046
1.2891784712945686,0.9970153858216549,0.0671544686075186,-0.009721159047728127,0.08008835022850729,0.3579641620930734,0.396200914801142
1.2906840322196025,0.9971364179661495,0.06769035768716919,-0.00912423833173834,0.08069047209501284,0.3539228864826403,0.39674612798515635
1.2922026974182843,0.997259415947128,0.06822478107448808,-0.008521324758177115,0.08128990232375224,0.3498913141034478,0.39725106288945683
1.293734633208732,0.9973844049221295,0.06875770594985839,-0.007912399797197787,0.08188659557649469,0.34586976660085716,0.3977161865466362
1.2952800068386274,0.9975114102447495,0.0692890986853484,-0.00729744518001462,0.08248050571293734,0.34185855440573293,0.39814196537506424
1.296838987822446,0.997640457571481,0.06981892529127476,-0.006676442380136269,0.08307158629524994,0.3378579734609284,0.3985288653049551
1.2984117474324872,0.9977715728186672,0.07034715121444467,-0.006049372828133998,0.08365979036584652,0.33386830684094143,0.3988773513136382
1.2999984589408105,0.9979047821807093,0.07087374139655607,-0.005416217828291799,0.0842450705164473,0.3298898244098631,0.39918788719532333
1.301599297470016,0.99804011211574,0.07139866019956104,-0.004776958631491373,0.08482737880888823,0.32592278348505943,0.3994609352460499
1.3032144410718758,0.9981775894354299,0.07192187173014715,-0.004131576018043307,0.08540666713826126,0.3219674264846954,0.3996969561501229
1.3048440685760423,0.9983172411205943,0.07244333911172642,-0.003480051171268581,0.08598288642985807,0.318023986531034,0.3998964083704838
1.3064883621985468,0.998459094541123,0.07296302530259953,-0.0028223646499672145,0.08655598754897535,0.3140926813657744,0.40005974827503826
1.3081475052684748,0.9986031772593271,0.07348089233859444,-0.0021584973123326594,0.08712592046756923,0.31017371917676984,0.4001874295968782
1.3098216842655004,0.9987495172032869,0.07399690194976619,-0.0014884295167612227,0.08769263494851298,0.3062672940318029,0.40027990340544123
1.311511086867332,0.9988981424947434,0.07451101492307406,-0.0008121419193025669,0.08825607984839741,0.30237359079922327,0.4003376177325892
1.3132159042450926,0.999049081647414,0.0750231917789622,-0.0001296145716925489,0.08881620386441669,0.29849278012114955,0.40036101747322583
1.3149363294144731,0.9992023634202606,0.07553339223268785,0.0005591724014041715,0.08937295494689285,0.29462502258481343,0.4003505440833561
1.316672559633889,0.9993580170288856,0.0760415758710594,0.001254239744480132,0.08992628104120046,0.2907704636815542,0.4003066353493616
1.3184247949625103,0.9995160720171493,0.07654770167226174,0.001955608474935511,0.09047612956418993,0.28692923752737887,0.40022972510609306
1.320193236705799,0.9996765581134376,0.07705172752763263,0.002663299241303532,0.0910224468894595,0.28310147057628476,0.40012024314557104
1.32197808723825,0.9998395052076561,0.07755361018403992,0.0033773322329243767,0.09156517829397154,0.27928728214701415,0.3999786151802891
1.3237795526090412,1.0000049435837313,0.07805330595702462,0.004097728202460299,0.09210426873611512,0.27548677908540714,0.39980526253527715
1.3255978403124147,1.0001729037123128,0.07855077007102519,0.0048245075531512735,0.09263966214683905,0.2717000608520074,0.3996006021722051
1.327433161014217,1.000343416404581,0.07904595711059273,0.005557691008072922,0.09317130192218881,0.26792721616189075,0.3993650464040225
1.3292857288014657,1.000516512832868,0.07953882104258747,0.006297299687131589,0.09369913094966026,0.2641683228741846,0.3990990026798753
1.3311557601086084,1.0006922244270071,0.08002931488859213,0.007043354655046272,0.09422309126070458,0.2604234505452688,0.39880287358303496
1.3330434739677732,1.000870582892381,0.08051739076171364,0.007795876998089604,0.09474312407606883,0.25669266020494397,0.39847705669795286
1.3349490920430331,1.0010516202078297,0.08100299984342763,0.00855488781388259,0.0952591697867043,0.25297600458410824,0.39812194450665966
1.3368728395799405,1.0012353687109645,0.08148609258812385,0.009320408564623201,0.09577116817584311,0.2492735265911889,0.397737924103116
1.3388149440483494,1.001421860963917,0.08196661834045485,0.010092460510920373,0.09627905801748474,0.24558526227795968,0.39732537734929035
1.3407756373234148,1.0016111299569834,0.08244452583903483,0.01087106555254634,0.09678277761416941,0.24191123700474026,0.3968846803282598
1.3427551523760668,1.001803208784317,0.0829197623643329,0.011656244886194418,0.09728226390254432,0.23825147200902913,0.39641620398072597
1.344753726823561,1.0019981309800368,0.08339227456904133,0.012448020387901885,0.09777745333462824,0.23460597804258254,0.3959203132432114
1.3467716003483323,1.0021959302619403,0.08386200781477701,0.013246413560025969,0.0982682811851932,0.23097476048695456,0.3953973675744166
1.3488090168724112,1.002396640736771,0.08432890664672164,0.014051446363169297,0.09875468205475371,0.22735781569588592,0.394847720354116
1.3508662230036659,1.0026002967414176,0.08479291438721226,0.01486314057044437,0.09923658944960906,0.22375513412963036,0.39427171921586374
1.3529434688320328,1.0028069329134495,0.08525397328078205,0.015681518051385686,0.09971393593930677,0.22016669922462762,0.39366970579179145
1.3550410075863086,1.003016584149309,0.08571202437560115,0.0165066006045556,0.10018665303930685,0.21659248829677172,0.39304201576425674
1.3571590956923913,1.0032292856014355,0.08616700749820091,0.01733840994825949,0.10065467119139312,0.21303247271767017,0.3923889788191086
1.3592979931813252,1.003445072710425,0.08661886130058927,0.018176967847428904,0.10111791981829252,0.2094866175151416,0.39171091849000206
1.361457963791818,1.003663981206764,0.0870675232361495,0.01902229611868824,0.10157632730422704,0.20595488151724886,0.3910081520895731
1.363639274751103,1.0038860470794708,0.08751292946869466,0.019874416508665595,0.10202982090751604,0.20243721801589287,0.3902809907520988
1.3658421967549095,1.0041113065639733,0.0879550148261857,0.020733350650050848,0.10247832671984172,0.19893357507740847,0.3895297394251281
1.368067003735696,1.0043397961075726,0.08839371271387958,0.02159911993472318,0.1029217695850873,0.19544389617191077,0.3887546969425916
1.3703139734756045,1.004571552421023,0.08882895519485193,0.02247174571500867,0.10336007318785123,0.19196811946693573,0.3879561558098982
1.3725833875554836,1.0048066124622164,0.0892606729329583,0.02335124924427708,0.10379316000184037,0.18850617819805,0.3871344022114568
1.3748755317614954,1.005045013466786,0.08968879522197537,0.024237651793741478,0.10422095132489458,0.1850580003402625,0.3862897158564095
1.3771906952471156,1.0052867928488523,0.09011324978074056,0.025130974286652605,0.10464336708021986,0.1816235101547699,0.38542237028532544
1.3795291707054096,1.0055319882051126,0.09053396274602797,0.026031237324530814,0.1050603258174956,0.17820262815505813,0.38453263282512956
1.3818912553842477,1.0057806374076217,0.09095085880956806,0.026938461535192443,0.10547174485549599,0.17479526987989336,0.38362076421356367
1.384277249969016,1.0060327784725835,0.09136386096923216,0.027852667098317633,0.10587754004219094,0.17140134779308164,0.38268701903535
1.386687458418079,1.0062884495269442,0.09177289046351182,0.0287738736401026,0.10627762569941102,0.16802077171356114,0.38173164581805624
1.389122191105623,1.0065476891267038,0.09217786725421269,0.029702101387527154,0.10667191510110367,0.164653444678101,0.38075488580008165
1.3915817601247307,1.0068105357425283,0.09257870918163179,0.03063736932600014,0.1070603196541244,0.1612992697770538,0.379756974814231
1.3940664841671386,1.0070770282625354,0.09297533272750139,0.031579697011182906,0.10744274964813995,0.15795814365261687,0.3787381413547569
1.3965766828858392,1.0073472053715578,0.09336765205418826,0.032529102377951015,0.10781911333330006,0.15462996439184432,0.3776986088991947
1.3991126824551139,1.0076211061282747,0.09375557985127786,0.0334856038009676,0.10818931774558736,0.15131462424381778,0.37663859366725866
1.4016748135553043,1.0078987697316153,0.09413902695057282,0.03444921927437071,0.10855326833988047,0.14801201264397357,0.3755583054611953
1.404263410231717,1.00818023537695,0.09451790210825796,0.03541996593049744,0.10891086879084201,0.1447220179026745,0.3744579481833824
1.406878811350468,1.008465542392704,0.09489211217731762,0.03639786053483636,0.10926202116489667,0.14144452553332976,0.37333771926212445
1.4095213608558004,1.0087547302477833,0.09526156208609272,0.03738291952429044,0.10960662590513061,0.1381794181999571,0.37219780956980336
1.4121914066089303,1.0090478384025747,0.09562615462096864,0.03837515851626522,0.10994458163447074,0.13492657739883596,0.37103840395796067
1.4148893011097468,1.009344906364229,0.09598579048017078,0.039374592521206744,0.11027578521399214,0.13168588276728488,0.3698596809890061
1.4176154020186171,1.009645973720291,0.0963403682882732,0.04038123607543856,0.11060013176213757,0.12845721169548235,0.368661812745723
1.4203700721748718,1.0099510801164517,0.09668978453810188,0.04139510318421004,0.11091751460604782,0.1252404395668307,0.3674449648584573
1.4231536775071179,1.0102602649987238,0.09703393327560501,0.04241620649138745,0.11122782500245126,0.12203544240220207,0.36620929747288167
1.425966591283617,1.0105735680577765,0.09737270657882413,0.043444558777511424,0.11153095257756131,0.11884209214849427,0.36495496341127864
1.4288091900422715,1.0108910287494217,0.09770599399361662,0.04448017139879256,0.11182678482278996,0.11566026161756245,0.3636821100187475
1.431681856152545,1.0112126865501545,0.09803368279379666,0.04552305515918034,0.1121152073353159,0.11248982176249762,0.3623908780698133
1.4345849771710657,1.011538580855614,0.09835565784244077,0.04657322000386461,0.11239610369871715,0.10933064265411047,0.36108140209806633
1.43751894661649,1.0118687510365605,0.09867180161678105,0.047630675227085466,0.11266935550841402,0.10618259287823673,0.3597538100906306
1.4404841617341468,1.012203236154834,0.09898199390893413,0.048695428593555294,0.11293484211728119,0.10304554215864563,0.35840822454579135
1.443481026335977,1.0125420752489345,0.099286112076422,0.04976748728881214,0.11319244085755237,0.0999193585175687,0.3570447612359629
1.4465099492943725,1.0128853071296404,0.09958403081927443,0.0508468572994109,0.11344202685235885,0.0968039101212818,0.35566352993565
1.4495713462086144,1.0132329705325724,0.09987562228331384,0.051933543928045764,0.1136834731051473,0.09369906379234864,0.3542646337090954
1.4526656369242696,1.0135851037992678,0.1001607557573824,0.05302755082997097,0.1139166502497221,0.09060468777645121,0.35284817009012515
1.4557932481515408,1.01394174513527,0.10043929786362914,0.05412888086089116,0.11414142671109209,0.08752064930133163,0.35141422993483523
1.4589546125638622,1.0143029324677393,0.1007111124027976,0.055237535669184504,0.11435766857793296,0.08444681574773269,0.34996289788059726
1.4621501684674734,1.014668703365621,0.10097606026349093,0.05635351549326612,0.11456523953118437,0.0813830551954892,0.348494252547095
1.4653803612203529,1.015039095158525,0.10123399947533343,0.05747681956737172,0.11476400088522269,0.07832923529572194,0.3470083659335363
1.468645641150632,1.0154141446531724,0.1014847849734643,0.058607445303593984,0.1149538114036211,0.07528522549086106,0.34550530442514776
1.4719464655908292,1.0157938883195738,0.10172826869931266,0.0597453889067974,0.11513452737690014,0.07225089530906768,0.3439851279076144
1.4752832993922946,1.0161783623024216,0.10196429955997596,0.060890645448944306,0.11530600258463874,0.06922611418030726,0.34244788957907785
1.4786566133535362,1.0165676021901389,0.10219272324121578,0.062043208225558054,0.11546808815197906,0.06621075313614727,0.3408936367242376
1.482066885652973,1.0169616431277813,0.10241338223983702,0.06320306914439536,0.11562063256835704,0.0632046837559101,0.33932241010510533
1.485514601257093,1.0173605196948885,0.1026261157493575,0.06437021841498877,0.11576348159850594,0.06020777896202706,0.33773424428459825
1.4890002518046894,1.0177642658358792,0.1028307595847058,0.06554464440181947,0.11589647822399239,0.05721991336141207,0.3361291677309238
1.4925243367917935,1.0181729149391452,0.10302714618066718,0.06672633391173582,0.1160194626316513,0.054240962482592796,0.33450720232313447
1.4960873646161257,1.0185864998984786,0.10321510456315856,0.06791527242098543,0.11613227217617907,0.05127080220828797,0.33286836292313676
1.4996898478688658,1.0190050525040928,0.10339446002537912,0.06911144238420434,0.11623474116987838,0.0483093129700163,0.33121265959339746
1.503332310924195,1.0194286042589964,0.10356503444667622,0.07031482564066058,0.11632670105537264,0.04535637371504598,0.3295400941590753
1.5070152835576414,1.01985718557079,0.10372664588573895,0.07152540116165154,0.11640798014840337,0.04241186747642554,0.32785066319504136
1.5107393059101917,1.0202908262591108,0.10387910873606448,0.07274314656018677,0.11647840370077209,0.03947567762549878,0.3261443557994935
1.5145049244029267,1.0207295550080195,0.10402223346469196,0.07396803661167464,0.11653779374245474,0.03654769143601705,0.32442115552158995
1.518312697018581,1.0211733999061572,0.10415582673937905,0.07520004483666197,0.11658596910637163,0.033627796244584826,0.3226810379969706
1.5221631873148271,1.021622387671448,0.10427969111882845,0.07643914140949737,0.11662274526621108,0.03071588440725783,0.32092397374139336
1.526056970292748,1.0220765442543287,0.10439362517907827,0.07768529491077561,0.11664793434594109,0.027811849092671974,0.3191499255225948
1.5299946308127519,1.0225358945695384,0.10449742335372098,0.0789384716495327,0.11666134500887178,0.024915585881491068,0.3173588491438297
1.5339767613888458,1.0230004621517865,0.10459087579013557,0.08019863480286944,0.11666278237906834,0.022026994708710453,0.3155506945026347
1.538003967732212,1.0234702697121427,0.10467376839435527,0.08146574600763636,0.11665204797274258,0.019145976163950532,0.3137254031291124
1.5420768652153405,1.023945338631669,0.10474588263458365,0.08273976405637426,0.11662893959676182,0.01627243447902375,0.31188290985514494
1.5461960799770817,1.0244256889927335,0.10480699547041283,0.08402064506727416,0.11659325126661897,0.013406277093005634,0.3100231423720724
1.5503622447985397,1.024911338996963,0.10485687921030618,0.08530834102696788,0.11654477317571947,0.010547417841119915,0.3081460231471728
1.5545760096050718,1.0254023060845088,0.10489530155479683,0.08660280285573133,0.11648329150540078,0.007695770076939447,0.3062514647465656
1.558838031650705,1.025898605680278,0.10492202536413948,0.08790397716604213,0.11640858843790396,0.004851253849306724,0.30433937432309716
1.5631489827349787,1.0264002519212123,0.10493680863086277,0.08921180827999886,0.11632044197228257,0.0020137913921716767,0.30240965043022633
1.5675095434287114,1.026907256865853,0.1049394043429378,0.09052623625603941,0.11621862593906412,-0.0008166886164604082,0.3004621856734659
1.571920408754773,1.0274196310327988,0.10492956040652751,0.09184719839798783,0.11610290980153055,-0.0036402543948355144,0.29849686422716887
1.5763845981646831,1.027937651166909,0.10490700459528016,0.09317531394669297,0.11597298801475144,-0.0064584186629899135,0.2965125363663221
1.5809034745196278,1.0284613973221228,0.10487144884849421,0.09451068824693093,0.11582857991584612,-0.009271576648742567,0.2945087942177341
1.585477814970282,1.0289908775795564,0.10482259979190925,0.09585324216405004,0.11566941484265716,-0.012079732599923678,0.29248548987276474
1.5901084127331713,1.0295260978254894,0.10476015810300786,0.09720289260445603,0.11549521708654656,-0.014882887088740648,0.29044246698341036
1.5947960712225178,1.0300670609086167,0.10468381847621192,0.09855955052639771,0.11530570601454984,-0.017681032930238906,0.28837956338414517
1.59954161055603,1.030613767222113,0.1045932694378642,0.09992312256008852,0.11510059574238203,-0.020474158628477283,0.2862966082488049
1.6043458661906491,1.0311662143675342,0.10448819324004281,0.1012935103041334,0.11487959507574014,-0.023262246962208074,0.28419342273188264
1.6092096826608775,1.0317243962520868,0.1043682659100509,0.10267060825084036,0.1146424077249189,-0.026045270857531683,0.2820698227350246
1.61413393056828,1.0322883048481337,0.10423315673961422,0.10405430829386977,0.1143887313979275,-0.028823202585825478,0.2799256115174226
1.619119482464063,1.0328579272285197,0.10408252879556805,0.10544449259228854,0.11411825890537076,-0.031595999445106084,0.27776059025167427
1.624167234867759,1.033433247885195,0.10391603825257535,0.10684103945440668,0.11383067697488863,-0.03436361570386935,0.2755745484542789
1.629278093945869,1.0340142468780094,0.103733334715466,0.10824381899278289,0.11352566692933931,-0.03712599400018582,0.2733672702441238
1.63445298433737,1.0346009006216403,0.10353406086279655,0.10965269523655347,0.1132029041287479,-0.03988306965158746,0.2711385305417951
1.63969284742371,1.0351931814568776,0.10331785240144661,0.11106752528056667,0.11286205797638792,-0.04263476904892337,0.2688880958574653
1.6449986369559446,1.0357910569194801,0.10308433817747338,0.11248815774466757,0.11250279214192618,-0.04538100676930927,0.26661572619478996
1.6503713228947339,1.0363944899312703,0.10283313997175553,0.11391443345557678,0.11212476427214609,-0.04812168703948098,0.2643211734185788
1.6558118938087614,1.0370034388135234,0.1025638723141092,0.1153461856905166,0.11172762575455583,-0.05085670430038762,0.2620041802610893
1.6613213492426677,1.0376178561691172,0.10227614280458187,0.1167832377739645,0.11131102222237814,-0.05358593872827411,0.2596644835970247
1.6669007073382465,1.0382376894662226,0.10196955171022183,0.11822540469761642,0.11087459297395968,-0.05630925947268005,0.2573018112109996
1.672550996997282,1.038862879886694,0.10164369235955792,0.11967249068342005,0.11041797155020444,-0.059026520174792166,0.25491588513585645
1.678273260063008,1.0394933622883467,0.10129815105678071,0.12112428937957134,0.10994078559363882,-0.06173755952463323,0.25250642071959195
1.6840685538109967,1.040129065186831,0.10093250695117277,0.12258058409449403,0.10944265665483877,-0.06444220185488998,0.2500731255758645
1.689937945652088,1.0407699098729002,0.10054633240048516,0.12404114605716111,0.10892320066871337,-0.06714025406446886,0.24761570180595546
1.69588251020116,1.0414158097938089,0.10013919326689708,0.12550573332662368,0.10838202830246431,-0.06983150381371162,0.24513384719423353
1.701903331656321,1.042066670509294,0.09971064888746706,0.12697409102619206,0.10781874485332725,-0.07251572017329246,0.24262725417304237
1.7080014963756478,1.0427223885810817,0.09926025275615571,0.1284459491809922,0.1072329510734372,-0.07519264988683581,0.24009561286621398
1.7141780970902811,1.0433828517224113,0.09878755243235565,0.1299210234254813,0.10662424295410358,-0.07786201890733666,0.23753860926834297
1.720434224294907,1.0440479375672251,0.09829209042814735,0.13139901262759865,0.10599221276780481,-0.08052352832830321,0.23495592873828858
1.7267709573537076,1.0447175124365677,0.09777340527094587,0.13287959657449397,0.1053364502770967,-0.0831768505217602,0.23234725954904753
1.7331893733612156,1.0453914319958844,0.09723103119782137,0.1343624378735741,0.10465654218029306,-0.0858216328621054,0.22971228909786334
1.7396905321554812,1.0460695393957347,0.09666449983294073,0.13584717829709567,0.10395207404890563,-0.08845749147804623,0.22705070992743137
1.7462754676083285,1.04675166412291,0.09607334154497169,0.13733343677300472,0.10322263178878271,-0.09108400805307955,0.22436222308762785
1.7529451869615742,1.0474376217182255,0.09545708620131714,0.13882080930327373,0.10246780231322791,-0.09370073006506868,0.22164653817059232
1.7597006595680809,1.0481272124266094,0.09481526496621213,0.1403088665797657,0.10168717546804526,-0.09630716696281268,0.21890337764257728
1.766542801104533,1.0488202194522989,0.09414741273527472,0.14179715081495964,0.1008803466609914,-0.09890278504178389,0.2161324829390854
1.7734724709786336,1.0495164086255564,0.09345306948733126,0.14328517566391344,0.10004691811404468,-0.10148700776969331,0.2133336151438317
1.7804904546499944,1.0502155266060997,0.09273178325478644,0.1447724230327078,0.0991865020184064,-0.10405921068936909,0.21050656173143292
1.78759744836031,1.0509172994392828,0.0919831131163188,0.14625834070982935,0.09829872362913607,-0.10661871781845475,0.20765114224437894
1.7947940509577938,1.051621431917163,0.09120663165192197,0.14774234174215706,0.09738322365262525,-0.10916480107578806,0.20476721105220524
1.8020807262101275,1.0523276041776062,0.0904019308175529,0.14922379803149444,0.09643966458923078,-0.11169666981376274,0.20185467186167116
1.8094578147433964,1.0530354733035694,0.08956862271638788,0.15070204450611455,0.09546773097649507,-0.1142134785079599,0.1989134722612844
1.816925483470078,1.0537446690058585,0.08870634747109032,0.15217637088619176,0.09446713789125386,-0.11671431321251013,0.1959436231979671
1.8244837243630623,1.0544547942859896,0.08781477595143265,0.1536460239305058,0.09343763332118238,-0.11919819593791374,0.19294519863536128
1.8321323233058087,1.0551654234230488,0.08689361612718223,0.15511020409438048,0.09237900468330591,-0.12166407947593792,0.18991834707548566
1.8398708424716068,1.0558761014817606,0.0859426181596325,0.15656806535892337,0.09129108378323203,-0.1241108475836459,0.18686329761315773
1.8476985946104503,1.0565863433069451,0.08496158071855395,0.15801871398355335,0.09017375310254852,-0.12653731330053924,0.18378036912854076
1.8556146307066668,1.0572956339922632,0.08395035587757387,0.1594612102445168,0.08902695038843851,-0.12894222220416182,0.18066997414990343
1.8636177171714925,1.058003428635902,0.08290885547398735,0.16089456864652102,0.08785067485829838,-0.1313242530050205,0.17753262681448392
1.8717063290334826,1.0587091537722786,0.08183705555130388,0.16231776145715365,0.08664499118523568,-0.13368202356571468,0.17436894453009458
1.879878637622045,1.0594122085183106,0.08073500152451406,0.16372972153382445,0.08541003428657322,-0.1360140955857696,0.17117965182697412
1.8881325160644136,1.0601119674480632,0.07960281091442023,0.1651293484820664,0.08414601138526231,-0.1383189846310747,0.16796557730001935
1.8964655328366795,1.0608077825739926,0.07844067753022008,0.16651551283868216,0.08285320572605083,-0.14059516670933128,0.16472765530154915
1.9048749884845513,1.0614989890321642,0.07724886940448046,0.1678870674409976,0.08153197339025131,-0.14284109645585208,0.16146691096692392
1.913357914015582,1.062184907528228,0.0760277316147792,0.16924285209255016,0.08018274565416954,-0.14505521407249378,0.1581844603183218
1.9219111180725028,1.0628648507513312,0.07477768176290203,0.17058170587707058,0.07880602331040852,-0.14723596459906407,0.15488149161978296
1.9305312049910284,1.0635381272420177,0.07349920900207661,0.17190247417149515,0.07740237506442083,-0.14938180830197725,0.15155925823306737
1.939214637726363,1.06420404859307,0.07219286585872452,0.17320402197651272,0.07597242815355626,-0.15149124116932253,0.14821905437284916
1.947957769562254,1.0648619338397116,0.07085926388798269,0.17448524147323557,0.07451686336929478,-0.1535628058373365,0.14486220316191792
1.9567568983451689,1.0655111152477112,0.06949906529000814,0.17574506211837432,0.07303640581988162,-0.1555951065259494,0.14149003622944842
1.9656083129576007,1.066150943073559,0.06811297496953585,0.1769824585464815,0.07153181635991902,-0.15758682033208438,0.1381038765191524
1.9745083355329058,1.066780789592798,0.06670173263231273,0.17819645691705924,0.07000388321667375,-0.15953670597995204,0.13470502291064987
1.98345336388219,1.0674000527226584,0.0652661042970255,0.17938614038228343,0.0684534131226841,-0.16144361116228712,0.13129473491070573
1.9924399090276534,1.0680081588732115,0.06380687409638312,0.18055065300870765,0.06688122288739252,-0.16330647743749174,0.12787421933753945
2.001464627271323,1.0686045650243794,0.06232483656913743,0.18168920219343648,0.06528813160186672,-0.16512434278741284,0.12444461917558831
2.0105243345069237,1.0691887592920697,0.06082079160478398,0.18280105821629583,0.06367495576905316,-0.16689633970580114,0.1210070092228901
2.0196160329291266,1.069760262045642,0.05929553720906983,0.18388555490145808,0.062042502138654046,-0.16862169518708395,0.11756238703215595
2.028736910256843,1.0703186250218193,0.05774986675814158,0.18494208654189703,0.06039156538699216,-0.17029972489507827,0.11411167426472912
2.0378843500106663,1.070863431012504,0.05618456446234286,0.18597010601921574,0.05872292387988029,-0.17192982938674228,0.11065571379724685
2.0470559310808665,1.0713942927590256,0.05460040269913299,0.18696912152436662,0.05703733743172313,-0.17351148825189852,0.10719527082691212
2.0562494187599065,1.0719108513012832,0.05299814096560716,0.18793869236925298,0.055335546767074764,-0.17504425295443607,0.10373103711830561
2.065462757379574,1.0724127744326242,0.05137852475372734,0.18887842511839195,0.05361827286580655,-0.17652774031448157,0.10026363455240693
2.074694069839574,1.072899755522499,0.0497422833861369,0.18978797051861482,0.05188621517701068,-0.17796162736522608,0.09679361600205509
2.083941631319788,1.073371510989019,0.048090132607496984,0.1906670180113292,0.050140054835004624,-0.17934564250083349,0.09332147583283841
2.093203869292216,1.073827779264877,0.046422772758384676,0.19151529314107335,0.0483804531524256,-0.18067956128776852,0.08984765042281237
2.1024793446980254,1.074268318837648,0.044740890482798834,0.19233255332593124,0.04660805381611403,-0.1819631997704848,0.08637252568536487
2.111766736917167,1.0746929066172248,0.04304515998831772,0.19311858432613263,0.04482348456439043,-0.18319640894654274,0.08289644308356153
2.121064842224054,1.0751013370075426,0.04133624202164476,0.19387319809063666,0.04302735642510526,-0.1843790714576273,0.0794197005310279
2.1303725500535946,1.0754934200476267,0.03961478705598297,0.19459622894579898,0.041220267354080506,-0.18551109572234928,0.07594256153960849
2.139688835743773,1.0758689804305306,0.037881435642532886,0.19528753146939778,0.039402802853867165,-0.18659241274931493,0.07246525814031064
2.149012755143521,1.0762278566475747,0.03613681852399985,0.19594697864195895,0.03757553632074543,-0.1876229734069919,0.0689879930688193
2.158343430157253,1.0765698998465325,0.034381558551216225,0.19657445951471705,0.03573903125815469,-0.18860274495619778,0.06551094529384888
2.167680043967229,1.076894973158648,0.03261627090438832,0.1971698777779115,0.03389384169033712,-0.18953170900364913,0.062034271897893206
2.1770218327806496,1.0772029509514722,0.030841564048828447,0.19773315022401655,0.03204051332726966,-0.19040985929840512,0.0585581112259383
2.1863680727972636,1.0774937180154003,0.02905804168985342,0.1982642051188881,0.030179585753710526,-0.191237199389749,0.05508258778346111
2.195718084412135,1.0777671693720072,0.027266301517108894,0.19876298173335297,0.028311591251523584,-0.19201374209413954,0.051607810700609186
2.2050712180241474,1.0780232095388267,0.025466937504228453,0.19922942890111953,0.026437057321406922,-0.19273950744178614,0.0481338790220049
2.214426856886105,1.0782617523630584,0.02366053900156759,0.1996635046330128,0.024556505848266706,-0.1934145222639828,0.04466088064539507
2.223784409178524,1.0784827205709844,0.02184769193031097,0.20006517522740466,0.022670454448923936,-0.1940388189893135,0.04118889525405765
2.23314329857079,1.0786860453684484,0.020028980321565748,0.2004344144882203,0.020779418167244178,-0.1946124346004911,0.03771799779526947
2.2425029719157465,1.0788716664658886,0.018204984559161565,0.20077120372574822,0.01888390773415163,-0.19513541079865096,0.03424825559498413
2.2518628895894013,1.0790395317155521,0.0163762830057798,0.20107553106253545,0.016984431342286995,-0.19560779307781914,0.030779731905836875
2.261222527364577,1.0791895970274512,0.014543451408889596,0.20134739125485132,0.015081494106932433,-0.1960296305903135,0.027312485171793244
2.2705813652475246,1.0793218260874364,0.012707064872143056,0.20158678516373457,0.01317560018707922,-0.19640097545769292,0.023846573119116365
2.2799388920695334,1.0794361903760739,0.010867696759599635,0.20179371977871646,0.011267251717538231,-0.19672188292857098,0.020382051006302405
2.2892946111853827,1.0795326691413027,0.009025917376825223,0.20196820816415548,0.00935694750982352,-0.19699241140485857,0.01691896946625073
2.2986480231181976,1.0796112491301049,0.007182297196889129,0.20211026897638087,0.007445186464992536,-0.1972126217915906,0.013457380880581293
2.3079986356389335,1.0796719246672095,0.005337404699325887,0.20221992661496133,0.0055324653956336425,-0.19738257781903468,0.0099973355955862
2.317345958575501,1.0797146975592766,0.0034918072152100386,0.20229721106413429,0.0036192799652246402,-0.1975023458732631,0.006538883791238806
2.3266895009151067,1.0797395770589806,0.0016460713264711568,0.20234215784838108,0.0017061251635147436,-0.19757199499276898,0.003082076500427438
2.335020442956082,1.0797466839705365,2.3207130661617725e-14,0.2023549961167931,3.4591687153584516e-13,-0.1975918883645451,2.7816681250070197e-13