Time (TU),X (LU),Y (LU),Z (LU),VX (LU/TU),VY (LU/TU),VZ (LU/TU)
0,1.1468361732080665,-1.5967615538722358e-28,0.15226586567720682,4.22655849407406e-15,-0.2202181194224082,-6.81957391690748e-15
0.004101431802320625,1.1468345629081198,-0.0009032032774976915,0.1522636150098963,-0.0007852341933002373,-0.22021349595489834,-0.0010975021739450914
0.013500251455608629,1.146818727079025,-0.0029727745642688006,0.15224148083511224,-0.00258442965843791,-0.22016802661432897,-0.0036124645055490064
0.02290342301211447,1.146785965096069,-0.0050426480478809235,0.15219568321923146,-0.004383678751767595,-0.22007394713810943,-0.0061283735717605975
0.03231065033381654,1.146736265184469,-0.007112300403495272,0.15212619463745858,-0.006182380587061984,-0.219931202473916,-0.008644997972282843
0.04172165807161009,1.1466696226647595,-0.009181211915887486,0.15203299173827386,-0.007979937217907141,-0.2197397469031921,-0.011162111388406074
0.051136166751892365,1.1465860400260404,-0.01124886116411114,0.15191605543179001,-0.009775749116736569,-0.21949954420848344,-0.013679485906588344
0.06055388263519157,1.1464855270929537,-0.013314722972649564,0.15177537111453587,-0.011569213498111491,-0.21921056811473913,-0.016196889298719576
0.06997451377282926,1.1463681009474747,-0.015378272120367345,0.15161092855661643,-0.01335972764417106,-0.21887280203076634,-0.01871408930824905
0.07939777747003796,1.1462337858039393,-0.01743898514517547,0.15142272172824223,-0.01514669057074004,-0.21848623865987066,-0.02123085563211025
0.08882338280795239,1.1460826132224045,-0.019496336689430654,0.15121074910530283,-0.016929499957704035,-0.21805088058810096,-0.02374695523892236
0.0982510254426944,1.1459146222752845,-0.02154979856028152,0.1509750139158378,-0.018707551443172765,-0.21756674074458715,-0.0262621509754148
0.1076804030209649,1.1457298593423584,-0.023598843286889437,0.15071552387103632,-0.02048024181320833,-0.2170338417967541,-0.0287762056744161
0.11711121869770777,1.1455283780017083,-0.025642945057966902,0.15043229103527556,-0.022246969913915234,-0.21645221582480595,-0.03128888307832194
0.12654316421699197,1.1453102393700298,-0.02768157623336415,0.15012533233336478,-0.0240071337390016,-0.21582190529831463,-0.03379994331783951
0.1359759215748181,1.1450755121385503,-0.02971420791772577,0.14979466963738117,-0.025760131038882868,-0.21514296318284953,-0.03630914335219157
0.14540918684780674,1.1448242719763404,-0.03174031528719615,0.14944032896718398,-0.027505364020903988,-0.21441545122044295,-0.03881624329682615
0.15484264252577035,1.1445566021856395,-0.033759371809823566,0.14906234145974798,-0.02924223446756236,-0.21363944183562025,-0.04132099904843474
0.16427597562491808,1.1442725932236872,-0.03577085333442716,0.14866074274752658,-0.030970147366062458,-0.21281501676836292,-0.04382316708809513
0.17370885519229443,1.1439723433590978,-0.03777423348668024,0.14823557394515516,-0.032688507058923844,-0.2119422690026454,-0.04632249850057401
0.1831409662151102,1.1436559576150127,-0.03976899108765101,0.14778688021906333,-0.03439672371990789,-0.2110212997267922,-0.0488187479521164
0.19257197459513647,1.1433235488479072,-0.04175460290689475,0.14731471238558005,-0.03609420724207981,-0.21005222150439948,-0.05131166439368599
0.20200156083705328,1.1429752365830022,-0.04373055097997369,0.14681912533550526,-0.03778037360793941,-0.20903515492501423,-0.053800999959440106
0.21142938580619314,1.14261114818384,-0.045696315595334595,0.1463001797782052,-0.03945463899820182,-0.2079702320619219,-0.05628650089806231
0.2208551106961558,1.142231418132734,-0.04765137971134379,0.14575794130997521,-0.04111642367666881,-0.20685759443209562,-0.05876791283799753
0.2302784005987636,1.1418361878069487,-0.04959522987359958,0.14519248018807684,-0.04276515286683149,-0.2056973923989548,-0.061244981700727015
0.23969891608932162,1.141425605747728,-0.051527354653446523,0.14460387181483397,-0.04440025552287844,-0.20448978602625162,-0.06371745146000389
0.2491163061229033,1.1409998279473972,-0.05344724341146825,0.1439921972592074,-0.04602116339333097,-0.2032349460027057,-0.06618506226324665
0.25853022452647717,1.1405590170759676,-0.0553543898822824,0.1433575422625982,-0.04762731415768486,-0.20193305145136828,-0.06864755473817045
0.2679403240700224,1.1401033426470308,-0.057248291134460776,0.14269999759422272,-0.04921815063933152,-0.2005842905025351,-0.07110466840426545
0.2773462393435483,1.1396329818052238,-0.059128444344512594,0.1420196603168662,-0.05079311820375158,-0.19918886272823824,-0.07355613718336414
0.2867476227607653,1.139148117488209,-0.06099435422286417,0.14131663126548724,-0.052351671089440874,-0.19774697380358786,-0.0760016987666945
0.29614410931560786,1.1386489400867412,-0.06284552614548168,0.14059101758530196,-0.05389326674579107,-0.19625884054082543,-0.07844108539266538
0.3055353317070324,1.138135646636289,-0.06468146940275607,0.13984293171191983,-0.05541736866132919,-0.19472468862056921,-0.08087402776806707
0.3149209203676897,1.137608440722736,-0.06650169739842697,0.1390724913865163,-0.05692344662495475,-0.19314475244153162,-0.08330025504180748
0.3243004984309808,1.1370675326788822,-0.06830572687741364,0.13827982010360992,-0.05841097618609937,-0.1915192758528509,-0.08571949347245461
0.333673691330002,1.1365131389445968,-0.07009307998039413,0.13746504634128787,-0.059879440448805936,-0.18984851038536252,-0.08813146887272362
0.343040115349156,1.1359454826283517,-0.07186328224161699,0.1366283045570614,-0.06132832851656642,-0.18813271709950574,-0.09053590362066533
0.3523993782249451,1.135364793407615,-0.07361586294842364,0.13576973522823027,-0.06275713589846964,-0.1863721664700059,-0.09293251679329644
0.36175108949169293,1.1347713067923724,-0.07535035729558148,0.1348894839530374,-0.06416536636673562,-0.1845671363411976,-0.09532102678324257
0.37109484407054033,1.1341652650501375,-0.07706630353805159,0.1339877030165443,-0.06555252973849603,-0.1827179149332029,-0.09770114706566611
0.38043024066182957,1.1335469159333789,-0.07876324661866109,0.1330645497067308,-0.06691814492031112,-0.18082479718122613,-0.1000725908601475
0.3897568687238879,1.1329165133946697,-0.08044073596839109,0.13212018758515395,-0.06826173821988803,-0.17888808713078633,-0.10243506776747426
0.399074298857465,1.1322743181657986,-0.0820983240575354,0.13115478758442486,-0.06958284230791124,-0.17690809997616985,-0.10478828131980791
0.4083821061200756,1.1316205960710872,-0.08373557082458023,0.1301685257110865,-0.07088099987009767,-0.17488515713523223,-0.10713193485411511
0.41767985467428514,1.1309556189423806,-0.08535204114192924,0.1291615846511683,-0.07215576167775395,-0.17281958932634844,-0.10946572758686231
0.42696710651962366,1.1302796638795398,-0.08694730658011511,0.1281341528973858,-0.07340668808822579,-0.17071173456129313,-0.11178935677529148
0.43624340426611263,1.1295930143768178,-0.08852094268641492,0.12708642671463088,-0.0746333470167951,-0.1685619419602797,-0.11410251337278024
0.4455082881852612,1.1288959589700154,-0.09007253218972627,0.12601860835224424,-0.07583531656868095,-0.16637056786756005,-0.11640488627452672
0.4547612820258354,1.1281887921583333,-0.09160166285772917,0.12493090772538147,-0.07701218348280375,-0.16413797908517835,-0.11869615875482561
0.464001902224676,1.1274718135915631,-0.09310792933120078,0.12382354145889295,-0.07816354467767539,-0.16186455069633596,-0.12097601074113509
0.47322965942794076,1.1267453277953674,-0.09459093360896052,0.12269673274976903,-0.07928900772760492,-0.1595506655691637,-0.12324411915248246
0.4824440420510019,1.126009645324554,-0.09605028268745804,0.12155071346085677,-0.08038818919447291,-0.15719671844575311,-0.12550015383963808
0.49164453268276326,1.125265081341426,-0.09748559151944614,0.12038572223814345,-0.08146071701068006,-0.15480311187016016,-0.1277437816151718
0.5008306046510734,1.1245119557162921,-0.09889648271847482,0.11920200498174521,-0.0825062303657412,-0.15237025695193143,-0.12997466538099542
0.5100017117662368,1.1237505937136067,-0.10028258528996943,0.11799981626209692,-0.08352437890038134,-0.14989857607934381,-0.13219246163063514
0.5191573001066384,1.1229813248697011,-0.101643536765653,0.11677941790634679,-0.08451482442849927,-0.1473884998232308,-0.13439682331340438
0.5282967939206572,1.1222044840042074,-0.10297898141459576,0.11554108095995066,-0.08547723977119875,-0.1448404707869391,-0.13658739643657608
0.537419609242076,1.121420409909988,-0.1042885726142369,0.11428508398371477,-0.08641131063356715,-0.14225493992879268,-0.13876382335947612
0.5465251470313238,1.1206294457451358,-0.10557197215490678,0.11301171405337974,-0.08731673523895106,-0.13963236845103477,-0.1409257411509018
0.5556127937674792,1.1198319387981162,-0.1068288506731241,0.11172126677813646,-0.08819322479203055,-0.13697322768198472,-0.14307278175268934
0.5646819176906628,1.1190282406284873,-0.10805888749364727,0.11041404693805197,-0.08904050353258242,-0.134278000245595,-0.14520457112407778
0.5737318696594518,1.1182187068029839,-0.10926177114202518,0.10909036848415228,-0.08985830926913876,-0.13154717993257456,-0.14732072949544406
0.582761990741727,1.117403696007222,-0.11043720071365579,0.10775055351531718,-0.09064639447603035,-0.12878126947240318,-0.14942087318445954
0.5917716086815137,1.1165835701301534,-0.11158488571675215,0.10639493283929385,-0.09140452633017422,-0.12598078158504275,-0.15150461379475477
0.600760018660657,1.115758695804934,-0.11270454404008418,0.10502384898473789,-0.09213248556556378,-0.12314624512197005,-0.15357155384650245
0.609726525767393,1.1149294402946475,-0.113795907674139,0.10363764984122623,-0.0928300703982219,-0.12027819185587173,-0.15562129663582228
0.6186704008021667,1.1140961752947067,-0.1148587175305268,0.10223669543312669,-0.0934970933112847,-0.11737717043367661,-0.157653436123419
0.6275909020409765,1.1132592746987333,-0.11589272657613223,0.10082135469623724,-0.09413338329024708,-0.11444373969147525,-0.15966756204622656
0.6364872859807398,1.112419113312628,-0.11689770136164505,0.09939200376289585,-0.09473878690355016,-0.11147846508819381,-0.16166326239259807
0.6453587858970078,1.1115760685931593,-0.11787341986415673,0.09794902938031332,-0.09531316713566176,-0.10848192580573428,-0.1636401186413593
0.6542046072137168,1.110730520843797,-0.11881967148604804,0.09649282979308542,-0.0958564036473073,-0.10545471664255915,-0.16559770491199166
0.6630239672619961,1.1098828491362047,-0.11973626168778596,0.09502380823275236,-0.09636839563188168,-0.10239743455442502,-0.16753559689425584
0.6718160592944566,1.1090334344400437,-0.12062300836742837,0.09354237877319342,-0.0968490598512619,-0.09931069091110269,-0.16945336395091454
0.6805800672917371,1.108182657913937,-0.12147974378639374,0.09204896389231641,-0.09729833191324863,-0.09619510655481216,-0.17135057253202265
0.6893151685132648,1.1073309003464429,-0.12230631507871503,0.09054399397882563,-0.09771616667738169,-0.09305131091900266,-0.17322678683672688
0.698020517507218,1.1064785434068363,-0.12310258304195941,0.0890279100498101,-0.0981025378106246,-0.0898799478918401,-0.17508156552765086
0.7066952708735034,1.1056259669158726,-0.12386842476305548,0.08750115942806001,-0.0984574392657651,-0.08668166700390781,-0.17691446720417656
0.7153385880818666,1.1047735484249557,-0.1246037337684448,0.08596419541806073,-0.09878088538244005,-0.08345712296846079,-0.1787250506336327
0.72394959686932,1.1039216663063207,-0.1253084173091709,0.08441748336326353,-0.09907290982128868,-0.08020698866807592,-0.18051286766227426
0.7325274384993532,1.1030706949683402,-0.12598240046158551,0.08286149250910478,-0.09933356750628285,-0.07693193840311072,-0.1822774728877662
0.741071247509989,1.1022210065191063,-0.12662562451287573,0.08129669943258795,-0.09956293395797278,-0.07363265541780949,-0.18401841954700446
0.7495801652471678,1.101372969093356,-0.12723804811369405,0.07972358540519485,-0.09976110577224155,-0.07030982671266224,-0.18573526243706703
0.7580533161333812,1.100526948890243,-0.12781964565901172,0.07814264059531605,-0.0999282001308031,-0.0669641523230929,-0.18742755328467675
0.7664898385975295,1.0996833067681575,-0.12837040961552604,0.07655435816928663,-0.10006435559392297,-0.06359633330213812,-0.18909484717384176
0.774888870260237,1.0988423993989,-0.1288903494646352,0.07495923680119156,-0.1001697317251047,-0.06020707748200377,-0.19073669970918034
0.7832495471868884,1.0980045790296555,-0.1293794917363012,0.07335778062028346,-0.10024450912272481,-0.05679709987937572,-0.19235266708908677
0.7915710170721323,1.0971701918528984,-0.12983788079545858,0.07175049645781331,-0.10028888950492545,-0.05336711737419795,-0.19394230885596855
0.7998524387487422,1.0963395777518299,-0.13026557866690558,0.07013789363764641,-0.10030309549703292,-0.04991784879914036,-0.1955051879204538
0.8080929847195508,1.0955130697538513,-0.13066266500123797,0.06852048317473401,-0.10028737040456193,-0.04645001379085206,-0.19704087116625127
0.8162918385262758,1.0946909940135972,-0.1310292367569312,0.066898777974658,-0.10024197795532391,-0.042964333809618026,-0.19854892908970764
0.8244482100664935,1.0938736680096592,-0.13136540863664267,0.06527328946635805,-0.10016720188794238,-0.039461525508151796,-0.2000289387271131
0.832561300168453,1.093061403840039,-0.13167131136804397,0.06364453432393899,-0.10006334593466504,-0.03594231585142818,-0.20148047735005192
0.8406303293758743,1.0922545050914496,-0.13194709280537809,0.06201302846806173,-0.09993073339089499,-0.03240742991250201,-0.20290312796053078
0.8486545391000049,1.0914532664968548,-0.13219291761769753,0.06037928646225743,-0.09976970664848205,-0.028857590234386454,-0.20429647959746242
0.8566331824860558,1.0906579746346292,-0.13240896668317464,0.05874382301803066,-0.09958062695286654,-0.025293520805182407,-0.20566012589237068
0.8645655301444267,1.0898689071554297,-0.13259543699344958,0.05710715149968093,-0.09936387391260924,-0.021715944558642945,-0.2069936662694931
0.8724508905837467,1.0890863305731135,-0.132752541694483,0.055469779321528606,-0.0991198443893162,-0.018125574025409538,-0.20829670947546602
0.8802885877247287,1.088310502346722,-0.13288050905519921,0.05383221218595893,-0.0988489524926433,-0.01452312129906052,-0.2095688698587383
0.8880779661314074,1.08754167021422,-0.13297958221579356,0.052194952657755554,-0.09855162894317446,-0.010909295687140247,-0.21080976842744661
0.8958184059040429,1.0867800706017172,-0.13305001888690826,0.05055849665371166,-0.09822831988902672,-0.007284796703210677,-0.21201903532276883
0.9035093117273995,1.0860259296099104,-0.13309209062352004,0.048923335341320644,-0.09787948660924305,-0.003650318962576597,-0.21319630810615356
0.9111501137485496,1.085279462844392,-0.13310608233054874,0.047289954588835635,-0.09750560484318563,-0.0000065517130098330725,-0.2143412320113198
0.91874027328049,1.0845408747969014,-0.13309229172606069,0.045658833376399206,-0.09710716382937275,0.003645823972895884,-0.2154534608867769
0.9262793368385871,1.083810353585545,-0.13305102832091942,0.04403043171191466,-0.09668466241969363,0.007306161708636606,-0.21653266486452316
0.9337668884806859,1.0830880756460455,-0.13298261232004643,0.04240520034515374,-0.09623861028175756,0.01097382765729671,-0.21757852286596607
0.9412025040865531,1.0823742101406855,-0.13288737453593075,0.040783590385341476,-0.09576952998581585,0.014648178111196859,-0.2185907163281162
0.9485857927156724,1.081668914955796,-0.13276565571179516,0.039166044081912675,-0.09527795409564299,0.018328579470694807,-0.21956893530456814
0.9559164091844833,1.0809723355584413,-0.13261780556420233,0.03755299170885858,-0.09476442345025748,0.022014414753436955,-0.22051288002818162
0.9631940305215344,1.0802846073151615,-0.13244418247284873,0.03594485639132005,-0.09422948790030795,0.0257050720266473,-0.22142225773326227
0.970418381435124,1.0796058531623294,-0.13224515224830644,0.03434204817989879,-0.09367370367508522,0.029399957397054612,-0.22229678584720647
0.9775892247149672,1.0789361846424153,-0.1320210874942575,0.03274496582867598,-0.09309763310289089,0.03309849049629079,-0.22313619053773012
0.9847063540034491,1.078275702707225,-0.13177236709383258,0.031153998110060054,-0.09250184432834245,0.03680010095310107,-0.2239402057308572
0.9917696000207294,1.0776244972750475,-0.13149937531092987,0.02956952215620357,-0.09188690998373902,0.04050423176246454,-0.22470857372881603
0.9987788278762132,1.0769826476389321,-0.1312025011472071,0.027991903795410937,-0.09125340655844606,0.04421033808524251,-0.22544104474424584
1.0057339448268616,1.0763502219330967,-0.13088213725856662,0.026421495553818498,-0.09060191283030601,0.04791789157235391,-0.226137377507897
1.012634888997469,1.0757272783563225,-0.13053867968266983,0.02485863895940891,-0.08993301002707568,0.05162637462213823,-0.22679733786940157
1.0194816234250663,1.0751138658887367,-0.1301725275240057,0.02330366569719463,-0.08924728167294098,0.05533527724631421,-0.22742069815189578
1.026274156809598,1.074510022630142,-0.12978408119630389,0.02175689271002022,-0.08854531075136361,0.059044108428235466,-0.22800723890166533
1.033012522877174,1.07391577787196,-0.1293737428023296,0.02021862670112212,-0.08782768095296777,0.06275238515965384,-0.22855674674993443
1.0396967875080338,1.0733311516737494,-0.1289419151299073,0.018689162362650193,-0.08709497523601324,0.06645963641144624,-0.22906901490314918
1.0463270428932707,1.0727561555997494,-0.12848900140207054,0.017168783572654025,-0.08634777574261018,0.07016540002017295,-0.22954384250702503
1.0529034045681698,1.072190793191514,-0.1280154049474262,0.015657763961332918,-0.08558666349353261,0.07386922106089461,-0.22998103434935352
1.0594260288232613,1.0716350587056123,-0.12752152735860073,0.014156362802180543,-0.08481221569368204,0.07757066176287945,-0.23038040183159103
1.0658950801022182,1.0710889401419164,-0.12700777033178678,0.01266483241640703,-0.08402500889674498,0.08126928318156477,-0.23074176070048982
1.0723107517195187,1.0705524176866257,-0.12647453370276493,0.011183413341291694,-0.08322561603322656,0.08496465687501555,-0.23106493235343303
1.0786732611291017,1.0700254643556208,-0.12592221528271957,0.009712335353306331,-0.08241460636297107,0.08865636230259778,-0.23134974338032338
1.0849828414730982,1.0695080469233862,-0.12535121114587916,0.008251819374349816,-0.08159254600959223,0.09234398193473856,-0.23159602510430682
1.0912397479134737,1.0690001256198849,-0.12476191468784631,0.006802075973827464,-0.08075999665728131,0.09602710489684055,-0.23180361384456308
1.0974442485754068,1.0685016550915054,-0.12415471708145989,0.005363307441266361,-0.07991751626020809,0.09970532163331063,-0.23197235056733137
1.103596629487719,1.0680125842118608,-0.12353000648872023,0.003935706628356734,-0.07906565794959021,0.10337822674598189,-0.2321020811001525
1.1096971867822156,1.06753285691569,-0.12288816853065795,0.00251945875265567,-0.07820497068188771,0.10704541428738154,-0.2321926560022842
1.1157462299492578,1.0670624121385541,-0.12222958570774191,0.0011147406449305505,-0.07733599841221693,0.11070647959285537,-0.23224393077508468
1.1217440805576713,1.0666011841206895,-0.12155463727005503,-0.00027827894578929657,-0.07645927989055011,0.11436101843887064,-0.23225576594480693
1.1276910726368212,1.0661491025788263,-0.12086369892205033,-0.0016594394268376886,-0.07557534823345344,0.11800862721167008,-0.23222802717042912
1.1335875527173063,1.0657060929055184,-0.12015714256304177,-0.0030285883512339916,-0.07468473054772587,0.12164890289279215,-0.23216058532894568
1.139433869595815,1.065272077126685,-0.11943533731674204,-0.00438557901620361,-0.07378794914784798,0.12528143665942984,-0.23205331680940858
1.14523037715469,1.0648469738517532,-0.11869864910309558,-0.005730271091832136,-0.07288552087209545,0.1289058154516031,-0.2319061038502642
1.1509774347750563,1.0644306984108456,-0.11794744046906554,-0.007062530688597502,-0.07197795674232213,0.13252162211148824,-0.23171883484554487
1.156675402421763,1.0640231633715,-0.11718207113724576,-0.008382229188794384,-0.07106576247819313,0.13612843217343923,-0.2314914048626424
1.1623246456737921,1.0636242783292333,-0.11640289727232361,-0.009689244383028655,-0.07014943745110952,0.13972581691904631,-0.23122371586892976
1.1679255280683294,1.0632339506022928,-0.11561027245797041,-0.010983458668366804,-0.0692294756713426,0.14331333842319802,-0.23091567747780384
1.1734784178531013,1.0628520848981882,-0.11480454672282102,-0.012264760581862976,-0.06830636445837758,0.14689055376546842,-0.23056720708619435
1.1789836841178347,1.0624785837313129,-0.11398606701984837,-0.013533043875481284,-0.06738058482641883,0.15045701251941954,-0.23017823048996558
1.1844416947865755,1.062113347693544,-0.11315517750251729,-0.014788207026177691,-0.06645261159676466,0.1540122554019154,-0.22974868252579955
1.1898528154303467,1.0617562756578707,-0.11231221971448242,-0.016030152939648882,-0.06552291338892932,0.15755581344995126,-0.22927850773708802
1.1952174125977906,1.0614072646814732,-0.11145753207627451,-0.01725878969233646,-0.06459195183357234,0.16108721018829605,-0.22876766065260876
1.200535847732819,1.0610662105245459,-0.11059145085034906,-0.01847402911589175,-0.06366018240645181,0.16460595765500816,-0.2282161069142744
1.2058084871008008,1.0607330071288428,-0.10971430854259098,-0.019675789046725983,-0.06272805247723807,0.16811156301079086,-0.2276238228488107
1.21103568817253,1.0604075476044412,-0.10882643613417722,-0.020863990197151766,-0.06179600347966628,0.17160351961080628,-0.22699079747469555
1.2162178110757613,1.060089723612549,-0.10792816120901293,-0.02203855875177451,-0.0608644686791743,0.17508131471727967,-0.22631703185426744
1.2213552108629433,1.0597794259599758,-0.10701980926568724,-0.023199424592074625,-0.059933874327581786,0.17854442450058625,-0.22560254058549722
1.2264482436881936,1.0594765443276184,-0.10610170265768322,-0.024346522681570573,-0.05900463833469438,0.18199231837550375,-0.22484735158148197
1.231497257008802,1.0591809679591029,-0.1051741623664419,-0.025479790844848683,-0.05807717183606045,0.18542445259989412,-0.2240515080940993
1.2365026040181284,1.058892584907973,-0.10423750539853896,-0.026599173003383016,-0.05715187633812836,0.18884028032045555,-0.22321506711849604
1.2414646331089845,1.0586112827669436,-0.10329204668527764,-0.027704616788378718,-0.05622914542184971,0.19223924474962334,-0.222338101495762
1.246383690954579,1.0583369485834222,-0.1023380985323708,-0.028796074222561863,-0.055309363965988394,0.19562078159390794,-0.22142070000159733
1.2512601224002038,1.058069468963453,-0.10137597063947149,-0.029873501683159612,-0.05439290795370107,0.19898431936354777,-0.22046296788423267
1.2560942755948976,1.0578087298927024,-0.10040596905982012,-0.030936861015525792,-0.05348014329149342,0.20232928334926853,-0.2194650262835192
1.260886493809174,1.057554617283216,-0.09942839779362327,-0.031986117706619556,-0.05257142713810407,0.20565509044427877,-0.21842701426828554
1.265637121529058,1.0573070167356773,-0.09844355756006956,-0.03302124221107366,-0.051667106555437374,0.2089611538493665,-0.2173490880381303
1.2703465080156546,1.0570658134612423,-0.09745174498423355,-0.03404221068986345,-0.05076751762360367,0.2122468861117589,-0.21623142033979798
1.2750150014252426,1.05683089269083,-0.09645325374748395,-0.03504900369180249,-0.049872986364823055,0.21551169561652778,-0.21507420201676236
1.2796429518053982,1.0566021396155039,-0.09544837391074658,-0.03604160677114999,-0.048983827990879324,0.21875498927321213,-0.21387764155650624
1.2842307116448204,1.0563794394580555,-0.09443739172116813,-0.037020010561701455,-0.04810034662308428,0.22197617353560317,-0.21264196508594288
1.2887786363485338,1.0561626775483761,-0.0934205894243569,-0.037984210827914464,-0.0472228350377316,0.2251746553937764,-0.21136741631619368
1.2932870857614762,1.0559517393499809,-0.09239824482777924,-0.03893420872910926,-0.04635157422146177,0.22834984412535453,-0.21005425610668518
1.2977564251060698,1.0557465105182597,-0.09137063097090077,-0.039870010945259535,-0.04548683305275997,0.23150115265446364,-0.20870276206783658
1.3021870222936442,1.0555468771223426,-0.09033801662911227,-0.040791629038529356,-0.044628868701760964,0.23462799636168774,-0.20731322921517928
1.3065792521998634,1.055352725545163,-0.08930066521324215,-0.041699080266364104,-0.043777925699690065,0.23772979680987835,-0.20588596845964263
1.3109334945448723,1.0551639426767634,-0.08825883513044383,-0.04259238704590636,-0.04293423626332338,0.24080598096334452,-0.20442130695053168
1.3152501344915302,1.054980415979046,-0.08721277952314922,-0.043471576982879234,-0.04209802011241784,0.24385598232002614,-0.20291958755709286
1.3195295656513562,1.0548020334508152,-0.08616274540424114,-0.04433668337482221,-0.0412694838401427,0.24687924373900283,-0.20138116738478037
1.323772186189197,1.0546286838833476,-0.0851089744645836,-0.045187744301699286,-0.04044882164068045,0.2498752153794585,-0.1998064186380148
1.3279784020746574,1.0544602568098669,-0.08405170214631968,-0.0460248031637177,-0.039636214672985025,0.252843357673075,-0.19819572693276458
1.3321486260375592,1.0542966426341371,-0.08299115775968485,-0.04684790833793394,-0.03883183127742073,0.25578314124099455,-0.19654949105769093
1.3362832798090039,1.0541377326252732,-0.08192756377174042,-0.0476571134792689,-0.03803582657945384,0.2586940491024875,-0.19486812141073198
1.3403827910186914,1.0539834191184683,-0.08086113645760319,-0.04845247676055972,-0.03724834314497294,0.2615755750882475,-0.19315204050268708
1.344447594710266,1.053833595528785,-0.0797920853883279,-0.049234061022320294,-0.03646951076429306,0.26442722548073766,-0.19140168162751778
1.348478133585086,1.0536881564137175,-0.0787206132365301,-0.05000193366012758,-0.035699446502731484,0.2672485197209876,-0.18961748795710506
1.3524748578743409,1.0535469975460323,-0.07764691568277766,-0.05075616643388095,-0.034938254842414404,0.27003899081635563,-0.18779991175434
1.3564382216829964,1.0534100161028075,-0.0765711822914259,-0.05149683461678955,-0.03418602851124294,0.27279818325679756,-0.1859494152314704
1.3603686888821425,1.0532771105150405,-0.07549359482047925,-0.05222401793781802,-0.03344284751231781,0.2755256575544127,-0.18406646701295712
1.3642667284904644,1.0531481806837333,-0.07441432836400341,-0.05293779953841415,-0.03270878017148433,0.27822098740474477,-0.1821515433687152
1.3681328182716903,1.0530231279090747,-0.07333355026713244,-0.05363826645764558,-0.03198388264339039,0.28088376251795305,-0.18020512557397053
1.3719674374982964,1.052901855170463,-0.07225142206032847,-0.05432550814008834,-0.03126820046834455,0.28351358392956166,-0.17822770263737361
1.3757710733927608,1.0527842669540481,-0.07116809759956359,-0.05499961743598884,-0.03056176757101915,0.2861100687123673,-0.1762197672374079
1.3795442162654996,1.0526702694420556,-0.07008372437344111,-0.055660689552177414,-0.02986460739028119,0.288672846862834,-0.17418181734568938
1.3832873654121876,1.052559770364562,-0.06899844175735531,-0.0563088229107635,-0.02917673202138382,0.29120156548958465,-0.1721143521858305
1.387001018529531,1.0524526793421722,-0.06791238402404351,-0.05694411712947919,-0.028498144408351207,0.2936958817833519,-0.17001787715620742
1.3906856773658514,1.052348907730851,-0.06682567870957488,-0.05756667385831378,-0.027828837538913603,0.2961554669974857,-0.16789290005865928
1.3943418536460717,1.052248368479692,-0.06573844481707648,-0.05817659758898913,-0.027168793633973565,0.29858001043260896,-0.1657399267466128
1.397970052480481,1.052150976606225,-0.06465079771711617,-0.0587739927022944,-0.026517987412055646,0.300969208433712,-0.16355947000992907
1.4015707880757502,1.0520566487685787,-0.06356284449252986,-0.05935896594311087,-0.025876383507378586,0.3033227748492414,-0.16135203966740835
1.4051445723378813,1.0519653035805527,-0.06247468734945611,-0.059931624374269854,-0.025243938785473256,0.3056404334807939,-0.15911814863251475
1.408691921288004,1.0518768614424108,-0.0613864217072754,-0.06049207627572471,-0.02462060146096795,0.3079219222502977,-0.1568583083528129
1.412213350393601,1.0517912446599884,-0.06029813764193299,-0.061040430243698346,-0.024006312192871894,0.31016699008895526,-0.15457303105553924
1.4157093767929707,1.0517083773833293,-0.05920991924311152,-0.06157679540313503,-0.02340100395736014,0.31237539828118516,-0.1522628277403953
1.4191805139368883,1.0516281857247232,-0.058121846330294165,-0.06210128045302693,-0.022804603236881882,0.3145469169770832,-0.14992821116986924
1.4226272798627295,1.0515505975532997,-0.05703399192426617,-0.06261399479952871,-0.022217028851784084,0.31668133027413226,-0.14756968984039567
1.4260501884473917,1.0514755426857874,-0.05594642504147444,-0.06311504710180305,-0.0216381937253456,0.31877843057924565,-0.14518777333156238
1.4294497542559232,1.0514029527590392,-0.05485920924005522,-0.06360454588477342,-0.021068004305170994,0.32083802147943724,-0.14278296858325146
1.4328264902968848,1.0513327612637142,-0.0537724033978412,-0.06408259908827714,-0.020506361197606498,0.3228599161690889,-0.14035578099202523
1.4361809056321113,1.0512649035722332,-0.052686062567762516,-0.0645493136301616,-0.019953159804928504,0.32484393586233484,-0.13790671578549452
1.4395135099482428,1.051199316822996,-0.05160023658819585,-0.06500479594956456,-0.019408289805800057,0.3267899123333415,-0.1354362743739825
1.442824811036191,1.0511359399527302,-0.05051497097279791,-0.06544915154170972,-0.018871635815571053,0.32869768617126677,-0.13294495578872614
1.4461153107738185,1.0510747137473855,-0.049430308326644044,-0.06588248433679536,-0.018343078260539315,0.3305671042880299,-0.13043325945830112
1.4493855120135817,1.051015580685602,-0.048346286183465606,-0.06630489753686712,-0.017822492485018843,0.33239802367134846,-0.12790167976293854
1.4526359129559925,1.050958485020008,-0.04726293895031608,-0.06671649278203785,-0.017309749878328416,0.33419030793547844,-0.1253507100495409
1.4558670085555885,1.0509033727225665,-0.0461802975522179,-0.06711737026838846,-0.016804717854045303,0.3359438279314725,-0.12278084139631848
1.45907929225937,1.0508501914287018,-0.04509838895007338,-0.06750762888711884,-0.01630725978498706,0.33765846245396774,-0.12019256103563322
1.4622732492883195,1.0507988905202,-0.04401723851156015,-0.06788736534484778,-0.015817236239215944,0.3393340944471815,-0.11758635763251872
1.4654493684419596,1.050749420904378,-0.04293686613388266,-0.06825667552145512,-0.01533450335065358,0.3409706170374657,-0.11496271159507354
1.4686081291572137,1.0507017351951846,-0.04185729072816111,-0.06861565286549058,-0.014858914993473462,0.3425679264981996,-0.11232210550276076
1.471750011228988,1.0506557875311486,-0.040778527030872556,-0.06896438948219553,-0.01439032147628123,0.3441259270829771,-0.10966501604564918
1.4748754897556269,1.050611533626811,-0.03970058743053611,-0.06930297548913852,-0.01392857048556686,0.3456445281822822,-0.10699191811991016
1.4779850330724884,1.0505689307698922,-0.03862348280455075,-0.06963149876704447,-0.013473507545299355,0.347123643186297,-0.10430328663531892
1.4810791083777541,1.0505279377130647,-0.0375472206921367,-0.06995004552886955,-0.01302497534401108,0.34856319202057506,-0.10159959169290755
1.4841581804456965,1.0504885146682175,-0.036471805837341,-0.0702587001172314,-0.012582814090501156,0.34996310022592075,-0.09888129960286857
1.4872227059701222,1.0504506233505206,-0.035397242279222155,-0.07055754440516777,-0.01214686247151028,0.35132329620233976,-0.09614887790822893
1.4902731418798316,1.0504142268444414,-0.03432353056033056,-0.0708466585978081,-0.011716956598685085,0.3526437147999512,-0.09340278807914928
1.49330993886807,1.0503792896586837,-0.03325067010160224,-0.07112612055994115,-0.011292931070772855,0.3539242942135089,-0.09064349129109207
1.4963335442713268,1.0503457776632987,-0.032178658306934484,-0.07139600607489302,-0.010874618692118908,0.3551649770990555,-0.08787144593415444
1.4993444041883117,1.0503136580425478,-0.031107489915932547,-0.07165638899405381,-0.010461850311784343,0.35636571120483074,-0.08508710569804434
1.502342957359024,1.0502828993362405,-0.03003715928767313,-0.07190734067561133,-0.01005445578719101,0.3575264467180086,-0.08229092528940841
1.5053296400158347,1.0502534713607081,-0.028967658791539865,-0.07214893040094005,-0.009652263426916673,0.3586471381038478,-0.07948335608754976
1.508304886239202,1.0502253451837493,-0.027898978780964707,-0.07238122536779382,-0.009255100061231146,0.35972774400497703,-0.0766648458652424
1.5112691236916083,1.050198493141826,-0.02683110923243634,-0.07260429033884336,-0.008862791718761389,0.36076822552748944,-0.0738358429367632
1.5142227794961756,1.0501728887618087,-0.025764037740335033,-0.07281818808570008,-0.008475162943920755,0.361768548224288,-0.07099679070840773
1.5171662791398939,1.0501485067534435,-0.024697750005685037,-0.07302297926029494,-0.008092037052851444,0.3627286814211621,-0.06814812877391557
1.520100037372066,1.0501253230614442,-0.023632233242978806,-0.07321872176474344,-0.0077132374062289484,0.3636485951721856,-0.0652903018933047
1.5230244749606914,1.0501033147078402,-0.02256747020945521,-0.07340547189437938,-0.007338585322925769,0.3645282655355992,-0.06242374389029029
1.5259400021185106,1.050082459904874,-0.021503445322621138,-0.07358328321058376,-0.006967902311267238,0.3653676691938676,-0.05954889391571042
1.5288470317605372,1.0500627379345437,-0.02044013993880393,-0.07375220739221629,-0.006601008448968866,0.3661667873739074,-0.056666183633988586
1.5317459711633008,1.0500441291927818,-0.01937753549109898,-0.07391229369913935,-0.006237723530403932,0.36692560323304874,-0.05377604556330976
1.5346372223266296,1.050026615164763,-0.018315613466578593,-0.07406358902543386,-0.005877867085733898,0.36764410201829156,-0.0508789129506054
1.5375211901579753,1.0500101783585376,-0.01725435249845058,-0.07420613832441314,-0.0055212574358593025,0.36832227300091247,-0.04797521173805881
1.540398273353618,1.0499948023461545,-0.016193731808854937,-0.07433998411368799,-0.005167712902374802,0.3689601070456144,-0.045065369847119174
1.5432688698409442,1.0499804717158054,-0.015133729305886665,-0.07446516675544684,-0.004817051198737392,0.36955759786049197,-0.04214981189814715
1.5461333732466975,1.0499671720761912,-0.014074322980962983,-0.0745817242920504,-0.0044690899297321115,0.37011474113465764,-0.03922896296189508
1.548992176810107,1.0499548900233986,-0.013015489558187151,-0.07468969261615449,-0.004123646176788011,0.3706315352735022,-0.03630324476648874
1.5518456696502054,1.049943613145406,-0.0119572059681078,-0.07478910531936674,-0.0037805370127443625,0.3711079806013015,-0.03337307968639918
1.554694242425582,1.0499333299871758,-0.010899447342013875,-0.07487999389471975,-0.003439578879534566,0.37154408025958097,-0.030438885122300474
1.557538281583288,1.0499240300632917,-0.009842189235098135,-0.07496238752798388,-0.003100588338793108,0.37193983913875467,-0.027501079584495377
1.5603781722036842,1.0499157038356968,-0.008785406663186633,-0.07503631320367246,-0.0027633817843254202,0.37229526432000665,-0.02456007996766288
1.563214295552893,1.049908342710658,-0.007729075104087678,-0.07510179564875927,-0.0024277757862669904,0.372610364742117,-0.02161630427970142
1.5660470355485971,1.0499019390127364,-0.006673168178986869,-0.07515885748828147,-0.0020935863783699974,0.37288515189097854,-0.018670165124256163
1.5688767758496833,1.0498964859888058,-0.00561765882130611,-0.07520751914142394,-0.0017606294584796654,0.37311963924456665,-0.0157220728876308
1.57170389253993,1.049891977813071,-0.0045625220957472325,-0.07524779871490098,-0.0014287216973367424,0.37331384170606574,-0.012772443568485819
1.5745287659667515,1.0498884095570997,-0.0035077308704758716,-0.07527971221616143,-0.0010976791941479838,0.37346777658233193,-0.0098216866425349
1.5773517728112212,1.0498857771991332,-0.0024532588621663074,-0.07530327342336254,-0.0007673184579002356,0.37358146291224104,-0.006870213519959286
1.580173288289904,1.0498840776137888,-0.0013990799015487089,-0.07531849393756287,-0.0004374561955482818,0.37365492167685666,-0.00391843544890981
1.58299369091607,1.049883308566424,-0.0003451662400770733,-0.07532538320051811,-0.00010790880309227924,0.3736881758477334,-0.0009667587259113452
1.5858133545002548,1.0498834687146479,0.0007085083755378801,-0.07532394845557981,0.00022150665269513872,0.37368125016429726,0.001984406739926148
1.588632739966032,1.0498845576495712,0.001762002923360481,-0.0753141943597702,0.0005509831208633542,0.3736341692314221,0.004934743294363117
1.5914526289124502,1.049886576244097,0.00281549623004963,-0.07529611985565152,0.0008807508934816283,0.3735469424008425,0.007884269300590099
1.5942733948312242,1.0498895262997536,0.0038690145052369925,-0.07526972134010179,0.001210992470367771,0.37341957906422585,0.010832575869151245
1.5970954126809318,1.049893410505901,0.004922584309504471,-0.07523499304254269,0.0015418903624662172,0.3732520904816454,0.013779255340515514
1.5999190565155543,1.049898232439241,0.005976231583912307,-0.07519192704904812,0.0018736267671796596,0.3730444899042032,0.016723898616110875
1.602744702031164,1.0499039965700105,0.00702998251581557,-0.07514051327370576,0.002206383819607839,0.3727967924458651,0.01966609762744263
1.605572726800231,1.049910708267933,0.008083863539672,-0.0750807394393624,0.002540343573956342,0.37250901500453093,0.022605445380778657
1.6084035042285978,1.0499183737911584,0.009137899000372426,-0.07501259121670577,0.002875687240491443,0.37218117694856506,0.02554152949276932
1.6112374117441481,1.0499270003092882,0.01019211412064274,-0.07493605206659924,0.0032125961013175636,0.37181329937762514,0.028473940524886526
1.6140748285459459,1.049936595906393,0.011246534073983206,-0.07485110326817827,0.00355125119702082,0.3714054052822811,0.031402269442152526
1.6169161348587575,1.049947169585916,0.01230118362010159,-0.07475772393705474,0.0038918331877344356,0.3709575196589078,0.03432610665123928
1.6197617108037865,1.0499587312729883,0.013356086599758937,-0.0746558910730498,0.004234522164254082,0.3704696697685933,0.037245040661353465
1.6226119392623652,1.0499712918332436,0.014411266910265275,-0.07454557946945041,0.0045794979376883775,0.36994188473514034,0.04015866084885483
1.6254672013720053,1.0499848630617974,0.015466746750441835,-0.07442676189164155,0.0049269394388852085,0.3693741964354754,0.0430665526752431
1.6283278820927605,1.049999457716509,0.01652254859457276,-0.07429940887352982,0.005277025333473112,0.36876663856320235,0.04596830321151898
1.6311943703038732,1.050015089532646,0.01757869513294595,-0.07416348868641658,0.005629933982503485,0.3681192465240712,0.0488635010189315
1.6340670511739712,1.0500317731921407,0.01863520637149524,-0.07401896770846958,0.005985842442309546,0.3674320592390278,0.05175172827379272
1.6369463169322624,1.050049524393808,0.019692103510903402,-0.07386580992324918,0.006344927727451604,0.3667051168006545,0.054632571482884085
1.6398325590370522,1.050068359822482,0.02074940597176696,-0.07370397730393044,0.006707365780327024,0.36593846234933397,0.05750561341880306
1.6427261723386188,1.0500882971865924,0.02180713283385445,-0.07353342961090518,0.00707333192041725,0.36513214115979503,0.060370437142553246
1.6456275533305764,1.0501093552213594,0.02286530210214829,-0.07335412449374816,0.007443000556850426,0.3642862011749403,0.06322662409775642
1.6485371023355624,1.0501315537194247,0.02392393141088857,-0.07316601736557155,0.007816545395270127,0.3634006924645743,0.06607375610852001
1.6514552202775763,1.0501549135225654,0.02498303675334697,-0.07296906161545907,0.00819413895138842,0.36247566827918065,0.06891141205831658
1.654382310121622,1.0501794565466578,0.02604263291638959,-0.0727632085434107,0.008575952652682442,0.3615111847918115,0.07173916919087404
1.6573187807140854,1.0502052058318914,0.027102734772646943,-0.07254840709406854,0.00896215726217837,0.36050729990510155,0.07455660666349521
1.6602650408911495,1.050232185511439,0.028163355050352255,-0.07232460428099032,0.009352922028070806,0.3594640752925484,0.07736329971387355
1.663221502950479,1.0502604208581534,0.02922450549486192,-0.07209174496216314,0.00974841504816418,0.35838157539664894,0.08015882289858614
1.6661885835512373,1.0502899383138067,0.030286197089377048,-0.07184977177283143,0.01014880330529728,0.3572598671713802,0.08294275079308708
1.6691666993849217,1.0503207654658602,0.031348438406626565,-0.07159862549417025,0.010554251990466853,0.35609902184120695,0.08571465381135224
1.672156273074487,1.0503529311263111,0.03241123762059517,-0.07133824459148082,0.01096492520157933,0.35489911280720143,0.08847410363561838
1.6751577301350156,1.0503864653237667,0.03347460131468851,-0.07106856547252177,0.011380985436800491,0.3536602168934213,0.0912206702382119
1.6781714980227682,1.0504213993131617,0.034538534047179964,-0.07078952260259247,0.011802593354590267,0.3523824149147736,0.09395392094150727
1.681198006439987,1.0504577655988152,0.03560303836493082,-0.07050104851627977,0.01222990769978382,0.351065791761072,0.09667342066166484
1.6842376938271886,1.050495598036944,0.036668116978982694,-0.0702030732116982,0.012663086112969284,0.34971043367272264,0.09937873763232496
1.6872909985144164,1.050534931754588,0.037733769542713395,-0.06989552500816851,0.013102283770252287,0.3483164321927633,0.1020694353476358
1.690358360040403,1.0505758031835202,0.038799993029839504,-0.0695783304847698,0.013547653430630486,0.3468838838899908,0.10474507380588123
1.6934402251488307,1.0506182501632453,0.039866783718194326,-0.06925141389737843,0.013999346177229168,0.3454128877403653,0.1074052147185422
1.696537042147968,1.0506623118923664,0.04093413511850517,-0.06891469778332981,0.014457510473453953,0.3439035478764973,0.11004941651931674
1.6996492669132397,1.0507080290386321,0.042002039939364966,-0.06856810234670956,0.014922292914432197,0.3423559708366762,0.11267723947584882
1.7027773522768073,1.0507554436103153,0.043070486334974054,-0.06821154666711755,0.015393836507836404,0.3407702709670877,0.11528823668381634
1.705921758158187,1.0508045991270007,0.04413946128822902,-0.06784494763231075,0.015872282030596218,0.33914656562744105,0.1178819627016881
1.7090829476927265,1.050855540590363,0.045208949171133696,-0.0674682204019263,0.016357767305968697,0.3374849772451051,0.12045797026457178
1.7122613875640957,1.0509083145148814,0.04627893175445987,-0.06708127841710271,0.016850427097420656,0.3357856333218351,0.12301581060324557
1.715457549144233,1.0509629689736553,0.04734938848406011,-0.06668403330626416,0.017350393127242972,0.33404866597924526,0.12555503439539828
1.7186719046539447,1.0510195535588518,0.04842029509079481,-0.06627639541408675,0.01785779331044313,0.33227421421465336,0.12807518878218696
1.7219049329745044,1.0510781195077739,0.04949162543116788,-0.06585827313089318,0.018372752495012357,0.3304624209003961,0.1305758220557513
1.7251571114245474,1.0511387195816388,0.05056334865338147,-0.06542957400481841,0.01889539098172283,0.3286134375261689,0.1330564773621558
1.7284289260906398,1.0512014082789045,0.05163543251713666,-0.06499020346460978,0.01942582599032144,0.32672741856519616,0.13551670080058562
1.7317208589763249,1.0512662416184406,0.05270783906810186,-0.06454006659029579,0.019964169401758398,0.3248045289767976,0.13795603181463742
1.7350333997900047,1.0513332773863742,0.0537805284156559,-0.06407906661588259,0.020510529468712638,0.3228449376208126,0.14037401229386778
1.7383670423612698,1.0514025750971898,0.054853457442286896,-0.0636071054572692,0.021065010053905108,0.32084881939479243,0.1427701839460625
1.7417222782504156,1.0514741958822311,0.05592657766019113,-0.06312408470248047,0.02162770936168233,0.3188163592351231,0.14514408394992576
1.745099604719956,1.0515482026748342,0.056999837696694054,-0.0626299045764201,0.022198721051714658,0.31674774752141194,0.14749525097406233
1.7484995174685471,1.0516246600749302,0.05807318088847895,-0.062124465077673864,0.022778132807860996,0.3146431846255413,0.14982322032113035
1.7519225186674587,1.0517036345453452,0.05914654775081594,-0.06160766489098266,0.02336602748417664,0.31250287611101735,0.15212752979861588
1.7553691067046677,1.0517851941973009,0.06021987266878366,-0.061079403014769995,0.02396248113492089,0.3103270392194838,0.15440771305009385
1.7588397860866212,1.051869409033633,0.06129308693472563,-0.06053957737286015,0.024567564489984615,0.3081158968057508,0.15666330659698904
1.7623350577291543,1.051956350732968,0.06236611565862025,-0.05998808640923259,0.025181341049282987,0.30586968356683153,0.15889384379836147
1.7658554248832417,1.0520460928006041,0.06343887955741413,-0.05942482829561319,0.025803867877816456,0.3035886423986044,0.16109885920660005
1.7694013937070676,1.0521387105984896,0.0645112950537155,-0.05884970093507999,0.0264351954886161,0.3012730240463056,0.16327788925607387
1.772973463891833,1.0522342811069683,0.06558327139477528,-0.058262603605234865,0.027075365941344888,0.29892309328687183,0.1654304669835129
1.7765721390361895,1.0523328831964054,0.06665471376303501,-0.05766343541363294,0.027724414450541485,0.29653912221991324,0.1675561289735684
1.780197920487955,1.0524345974680607,0.0677255213795503,-0.057052096425244024,0.028382368058085302,0.29412139430331824,0.16965441209878612
1.783851307250608,1.0525395062453267,0.06879558746760245,-0.056428487826858706,0.029049245377649118,0.2916702044421146,0.1717248541060471
1.7875327989394534,1.0526476936531592,0.06986480010340394,-0.055792511561965366,0.02972505690455767,0.28918585698034943,0.17376699588611957
1.7912428892244296,1.0527592454181784,0.07093304029873997,-0.05514407160125308,0.03040980358789368,0.2866686700658819,0.17578037842513264
1.7949820710988607,1.052874249007441,0.07200018354615759,-0.054483073189171415,0.031103477569581393,0.28411897203690606,0.17776454643235715
1.7987508314039489,1.0529927934448677,0.07306609826301233,-0.053809423956867386,0.03180606095290758,0.2815371050409899,0.17971904607683864
1.8025496591766472,1.053114969551604,0.07413064817979419,-0.05312303258681781,0.03251752714451297,0.2789234191888938,0.18164343003319514
1.8063790328408558,1.0532408695162523,0.07519368875610168,-0.052423811262422994,0.03323783825904643,0.27627828117235176,0.18353725158106476
1.8102394314107486,1.0533705872227257,0.07625507037329071,-0.05171167380938278,0.03396694701626418,0.273602066373741,0.1854000710607452
1.8141313244008028,1.053504217884995,0.07731463558400425,-0.05098653769511293,0.03470479465615568,0.2708951656037536,0.18723145161680607
1.8180551808073249,1.053641858310437,0.07837222164336581,-0.05024832253147709,0.03545131245768128,0.26815797861448765,0.18903096428395957
1.8220114574295048,1.053783606452151,0.07942765741418938,-0.04949695241878045,0.03620641935624837,0.2653909219349556,0.19079818330540396
1.8260006101996482,1.0539295617558422,0.08048076651227587,-0.04873235397999225,0.036970023944360206,0.26259442064433486,0.19253269213299007
1.8300230878676707,1.054079824889096,0.08153136568284411,-0.047954457699532695,0.037742023133913775,0.2597689124061331,0.1942340812374632
1.8340793293248276,1.0542344975785738,0.08257926422198231,-0.04716319861061006,0.038522301514771054,0.25691484896241,0.19590194781757048
1.8381697701698791,1.0543936827943494,0.08362426579671174,-0.04635851517808435,0.0393107325077915,0.25403269108945886,0.19753589930655013
1.842294838064537,1.0545574845121304,0.08466616734049275,-0.04554035034424006,0.040107177383405315,0.2511229113960251,0.1991355521046132
1.8464549507581964,1.0547260075591927,0.08570475869546447,-0.04470865207916646,0.04091148480457464,0.24818599523019216,0.2007005315934586
1.8506505239283209,1.0548993578566006,0.08673982470093683,-0.04386337195845462,0.041723492287329286,0.24522243462394075,0.20223047577466385
1.8548819626221682,1.0550776419984889,0.08777114317359579,-0.043004467004443096,0.0425430245107735,0.24223273378615118,0.20372503263281722
1.8591496653422541,1.0552609673342999,0.08879848606850378,-0.04213189900519251,0.04336989408890646,0.2392174056495319,0.20518386229925673
1.8634540239591204,1.05544944188315,0.08982161958452069,-0.041245634653145256,0.044203901555837685,0.2361769713409787,0.20660663754074518
1.867795422052586,1.0556431741735826,0.09084030390763612,-0.04034564600594754,0.0450448350652482,0.2331119607450828,0.20799304372120397
1.8721742391348468,1.0558422733414676,0.09185429434046788,-0.03943190972385429,0.04589247124810759,0.2300229089008479,0.2093427806134372
1.8765908468078571,1.0560468488690298,0.09286334052552958,-0.038504407966471484,0.046746574526028664,0.22691035808511778,0.21065556153606113
1.881045610213206,1.0562570105529994,0.09386718692625091,-0.03756312819309167,0.04760689746844745,0.22377485615041304,0.21193111418943633
1.885538892472136,1.0564728686219313,0.09486557394246915,-0.03660806230853161,0.048473181742004934,0.22061695276516616,0.2131691821618884
1.8900710482323417,1.0566945333361248,0.09585823657418484,-0.03563920810665338,0.04934515697265436,0.21743720332252267,0.21436952328334366
1.8946424304998104,1.0569221152181085,0.09684490605534754,-0.03465656789256999,0.05022254218627269,0.21423616351220012,0.21553191166031013
1.8992533850657274,1.057155724682219,0.09782530873981829,-0.03366014973976384,0.05110504487420286,0.21101439261433136,0.21665613627938626
1.9039042557648567,1.057395472195131,0.09879916734579326,-0.032649966422391846,0.05199236215457839,0.2077724492116767,0.21774200239551553
1.9085953842646424,1.0576414681724224,0.09976620097993502,-0.03162603550536529,0.05288418089008228,0.20451089076530146,0.2187893313647647
1.91332711417639,1.0578938231040125,0.1007261260348459,-0.030588378483024068,0.05378017863400551,0.2012302702156842,0.21979796135839222
1.9180997783855254,1.0581526467818203,0.10167865368314644,-0.029537023595843856,0.054680021408835884,0.19793114423964017,0.22076774447532255
1.9229137140970105,1.0584180489971267,0.10262349301575799,-0.02847200257325662,0.0555833667482234,0.19461406230028966,0.2216985498005805
1.927769260014718,1.0586901393077959,0.10356035046338745,-0.02739335126523023,0.05648986334072159,0.1912795681680577,0.2225902623536495
1.9326667507428406,1.058969026628727,0.10448892875028566,-0.02630111091035629,0.057399150178789,0.18792820333406876,0.22344278171394888
1.9376065222939263,1.0592548194372626,0.10540892800937514,-0.025195326940356554,0.05831085779329942,0.1845605028111112,0.22425602272058978
1.9425889136010452,1.0595476257699235,0.1063200460613732,-0.024076048654844008,0.05922460872698674,0.18117699375632398,0.22502991523756444
1.9476142666617515,1.059847553143171,0.10722197841830652,-0.022943329198311022,0.0601400177507283,0.1777781950764324,0.22576440362840183
1.9526829228707558,1.0601547082403018,0.10811441761771869,-0.021797226400629113,0.06105669139255767,0.1743646196327167,0.22645944570810664
1.9577952229445517,1.0604691967987958,0.10899705324456492,-0.02063780281739761,0.06197422813970664,0.17093677401292698,0.22711501232671683
1.9629515163838258,1.0607911240950976,0.10986957355132798,-0.019465123597670296,0.06289222033537804,0.1674951519814367,0.22773108804177022
1.9681521535316875,1.061120594368982,0.11073166402619768,-0.018279258291667624,0.06381025293176798,0.1640402396751381,0.2283076694382763
1.973397484469269,1.061457710644776,0.1115830072218279,-0.017080281124308132,0.0647279035030993,0.1605725161775876,0.22884476453010932
1.9786878647192363,1.0618025749914093,0.11242328367576536,-0.015868269711015653,0.06564474344403638,0.15709244963624816,0.2293423928228716
1.9840236541697414,1.0621552883605843,0.1132521716694743,-0.014643305315558538,0.06656033795192573,0.15360049795220587,0.22980058453755647
1.9894052103078494,1.062515950032995,0.11406934615439883,-0.0134054744238951,0.06747424505432442,0.15009711317838803,0.23021937947241036
1.994832900719993,1.0628846583430114,0.11487448064383486,-0.01215486589315335,0.06838601792649046,0.14658273336724112,0.23059882746083446
2.0003070885257537,1.063261509594063,0.115667244968484,-0.010891574324623884,0.06929520259659369,0.1430577920955707,0.2309389866665677
2.005828144052372,1.063646598734547,0.11644730700047945,-0.009615697401372171,0.07020134009525289,0.13952271095379545,0.2312399238917053
2.011396436524169,1.0640400186741494,0.11721433141230979,-0.008327337831821002,0.07110396524519196,0.13597790500495702,0.23150171349007875
2.01701233462484,1.0644418601918229,0.11796797978710453,-0.007026603253035561,0.07200260695871195,0.13242378249059283,0.23172443698011655
2.022676210721097,1.0648522121117296,0.11870791118921091,-0.005713605284144037,0.07289678910122947,0.12886074227897534,0.2319081827396011
2.0283884379268664,1.0652711609714918,0.11943378174781777,-0.004388460237714032,0.07378603019035584,0.12528917589937094,0.23205304536855895
2.034149382507403,1.0656987903246227,0.12014524373663896,-0.003051290917660812,0.0746698424204322,0.12170947242199297,0.23215912511543146
2.0399594144391866,1.0661351813725055,0.12084194696241445,-0.0017022242051041674,0.07554773351301607,0.11812201200891027,0.23222652776720693
2.0458188998416755,1.066580412264908,0.12152353785120613,-0.00034139284955134967,0.07641920574434419,0.11452717082237104,0.2322553640835399
2.051728200670766,1.0670345579201472,0.12218965950444725,0.0010310644238874659,0.07728375613201997,0.11092532136500921,0.23224574950443516
2.057687676440694,1.0674976900006672,0.12283995198097114,0.0024150032797130294,0.07814087691593366,0.10731683160918505,0.23219780384717528
2.0636976890209953,1.0679698771388952,0.12347405286239276,0.0038102748515681253,0.07899005644377936,0.10370206234509137,0.2321116508859046
2.069758581009125,1.0684511830762953,0.1240915950714772,0.005216720688480372,0.0798307763496187,0.10008138039824607,0.2319874183821988
2.075870687516439,1.0689416673875842,0.12469220838548745,0.006634175465824604,0.08066251357490407,0.09645515157991609,0.231825237919429
2.082034332610094,1.0694413850137294,0.1252755192718739,0.008062466137919557,0.0814847401832058,0.09282374295147856,0.23162524484074698
2.0882498296150906,1.0699503860948267,0.12584115114840103,0.009501411991950814,0.08229692373480621,0.08918752276705766,0.23138757814875485
2.094517478185375,1.0704687155362085,0.12638872436315315,0.010950823959678745,0.08309852725177917,0.08554686230947312,0.23111238053836713
2.1008375646163366,1.0709964128330207,0.12691785650698692,0.01241050468749422,0.08388900963753698,0.0819021358056531,0.2307997983511161
2.107210357832211,1.071533511531242,0.12742816238383955,0.013880247615392272,0.08466782557395358,0.07825372283141623,0.2304499817583861
2.1136361136341737,1.0720800393774004,0.12791925468839052,0.015359837971765513,0.08543442646711152,0.07460200595193513,0.23006308454406008
2.1201150718372532,1.072636017877058,0.1283907440894403,0.016849052132542255,0.08618826050731815,0.07094737247914061,0.22963926422542597
2.126647436354002,1.0732014603601283,0.12884223823181296,0.018347653085698704,0.08692877087711147,0.06729022568100793,0.22917868350024967
2.133233409018649,1.0737763746728528,0.12927334459844483,0.01985539825182304,0.08765540017596203,0.06363096575133978,0.228681508084998
2.1398731560058004,1.0743607600653589,0.1296836685910623,0.02137203183594429,0.088367587108467,0.059970008673521494,0.22814790911333038
2.1465668203842663,1.0749546080483834,0.13007281494945241,0.022897287792879226,0.08906476853127536,0.05630777909660371,0.22757806246480164
2.153314520271025,1.0755579020175443,0.13044038814030778,0.0244308894960906,0.08974637984439274,0.052644711327602185,0.22697214903619167
2.160116346709914,1.076170616851589,0.1307859927763498,0.02597254936189168,0.09041185539792296,0.04898125043374107,0.22633035507477892
2.1669723561342944,1.0767927180163883,0.1311092338396966,0.027521967271521668,0.09106062844292868,0.04531785618142926,0.2256528730988944
2.1738825808784736,1.0774241623035652,0.13140971782558383,0.02907883309771904,0.09169213285675035,0.04165499726131687,0.22493990109502063
2.1808470106725264,1.078064895940272,0.13168705255526567,0.03064282269501415,0.09230580216169987,0.03799316098423061,0.22419164460058094
2.187865614567242,1.078714856397536,0.1319408487858532,0.03221360301986141,0.09290107227804331,0.03433284150981752,0.22340831463915392
2.1949383179733313,1.079373970093038,0.1321707199637545,0.03379082717198424,0.09347738026595186,0.030674551763239362,0.2225901303737994
2.202065012734336,1.080042153132347,0.13237628337627924,0.035374136886299035,0.09403416605799139,0.027018817892007108,0.22173731828300272
2.209245553695374,1.0807193108216886,0.13255716076772764,0.03696316200883582,0.09457087300934945,0.02336618082433504,0.22085011276650235
2.2164797656357655,1.0814053381695046,0.13271297923567368,0.03855752228548273,0.09508694924440239,0.019717192535282625,0.21992875547272966
2.2237674286161804,1.0821001183611016,0.1328433716287748,0.04015682440040081,0.09558184743598248,0.01607242324025943,0.21897349732291632
2.23110828373665,1.0828035231663975,0.1329479775183811,0.04176066356291777,0.09605502617052003,0.012432458133867957,0.21798459805595566
2.238502039584825,1.083515413449438,0.13302644404907085,0.04336862522827169,0.09650595123860396,0.00879789393588833,0.216962325529572
2.2459483704236174,1.0842356389121668,0.13307842660428137,0.04498028501019401,0.09693409633141042,0.005169339606135092,0.2159069560567964
2.253446901931564,1.084964036639041,0.1331035894902248,0.04659520594413112,0.09733894312415926,0.0015474229925263238,0.21481877659817272
2.2609972316828215,1.0857004330218418,0.13310160685465966,0.04821294328348769,0.0977199833520889,-0.0020672194513163245,0.21369808201217574
2.268598920020179,1.086444642848358,0.13307216332555158,0.04983304288134128,0.09807671911444109,-0.005673938447820834,0.2125451764262929
2.2762515343625305,1.087196473648247,0.13301495434807936,0.05145505094069071,0.09840866559116766,-0.00927209293218678,0.21136036642375045
2.283954558111526,1.087955716775076,0.1329296873038898,0.05307849500149096,0.09871534765751527,-0.012861007169179768,0.21014397499722157
2.2917074333067573,1.0887221515796193,0.13281608238842899,0.05470289354190225,0.09899630305084672,-0.016439991678296285,0.20889633544857703
2.2995095688603886,1.0894955462718297,0.13267387325024768,0.05632775814114562,0.09925108355801317,-0.020008347410952223,0.20761779017721133
2.3073603542467396,1.090275659360635,0.13250280731781675,0.05795259671776883,0.09947925616697983,-0.02356537219327103,0.20630868840036581
2.315259147178797,1.0910622385382782,0.13230264653271326,0.059576911336565515,0.09968040329816577,-0.027110355216860674,0.20496938809092152
2.32320527307201,1.0918550207445028,0.13207316797694432,0.061200198520722844,0.0998541235281416,-0.03064257708023648,0.2036002560814676
2.331198027033125,1.0926537325036705,0.1318141644165289,0.06282195008843203,0.10000003235610608,-0.034161310971399246,0.20220166773231518
2.33923668555156,1.093458091256014,0.13152544442809042,0.06444165592979993,0.10011776304066301,-0.03766582803085616,0.20077400483331637
2.3473205036832026,1.094267805262044,0.13120683286762572,0.06605880379811815,0.10020696703725819,-0.04115539620604287,0.19931765596267528
2.35544870937444,1.0950825732349074,0.1308581715174517,0.06767287856332763,0.10026731446775695,-0.04462927798622045,0.1978330174260794
2.363620516896072,1.0959020859052566,0.13047931892260722,0.06928336527254712,0.10029849473820213,-0.04808673635290825,0.19632049072771163
2.371835119727403,1.0967260255444495,0.13007015099740513,0.07088974808980658,0.10030021688485112,-0.051527031847968474,0.1947804837327454
2.380091689316098,1.0975540660914378,0.12963056144665983,0.07249151043826767,0.10027221002974966,-0.054949422274167346,0.19321341082151636
2.3883894202142835,1.09838587794398,0.1291604594950521,0.07408814404396344,0.10021422344130558,-0.05835318137862462,0.19161968411014893
2.396727460297699,1.0992211212365361,0.12865977378267288,0.0756791357099886,0.10012602703012172,-0.06173756999973332,0.18999972653716712
2.4051049460540335,1.1000594496715035,0.12812845082993415,0.07726397455560238,0.10000741165737902,-0.06510185101226618,0.1883539651350261
2.413521007883809,1.1009005113518786,0.12756645482674694,0.0788421533160337,0.09985818925441263,-0.06844529153922439,0.18668282983172285
2.4219747612924127,1.1017439482130182,0.12697376831839144,0.08041316697726529,0.09967819314020773,-0.07176715953955276,0.18498675504590095
2.4304653220317034,1.1025893978561427,0.12635039125911487,0.08197651588774842,0.0994672778752176,-0.0750667299065119,0.18326617652655447
2.4389918018836445,1.1034364934512089,0.1256963412724848,0.08353170519777117,0.09922531936260956,-0.07834328280186281,0.18152153200473148
2.4475533094953996,1.1042848641512921,0.12501165357461785,0.08507824524612409,0.09895221485606928,-0.08159610403334755,0.17975326086398036
2.456148951720297,1.1051341355616784,0.12429638082943192,0.08661565202392767,0.09864788291817081,-0.08482448562426498,0.17796180371030493
2.464777837550819,1.105983930466635,0.12355059274116595,0.08814344807630249,0.09831226323257072,-0.08802772732887683,0.17614760139444519
2.4734390799056856,1.106833869341874,0.12277437575917462,0.08966116298209964,0.09794531641669851,-0.09120513728564741,0.1743110944633522
2.482131789854111,1.1076835701272958,0.12196783345547985,0.09116833250369911,0.09754702414586673,-0.09435602992106223,0.172452724231915
2.490855095302202,1.108532650391366,0.12113108461962188,0.09266450196829651,0.09711738813896499,-0.09747973273282734,0.1705729286366323
2.499608125707692,1.1093807261635917,0.12026426441431036,0.09414922370172961,0.0966564305975731,-0.10057558066005545,0.16867214532058292
2.5083900146835667,1.1102274125266083,0.11936752395735452,0.0956220576115158,0.09616419391632444,-0.10364291708454482,0.1667508109585507
2.517199909971678,1.1110723249059533,0.1184410290625165,0.09708257294916078,0.09564073988020977,-0.10668109730717985,0.1648093589384582
2.5260369770326006,1.1119150797190434,0.11748495949429326,0.09853034890980716,0.09508614906457301,-0.1096894896173531,0.16284821838397653
2.534900382568117,1.1127552931095455,0.11649951041777097,0.09996497195256293,0.09450052151764335,-0.1126674695837031,0.16086781765943864
2.54378931488137,1.1135925831935707,0.11548488988103373,0.10138603916161996,0.09388397514818637,-0.11561442692966606,0.1588685797236183
2.5527029710732694,1.1144265691344373,0.11444131986497129,0.10279315615479084,0.0932366461689679,-0.11852976110513078,0.15685092484654994
2.561640559580257,1.1152568716795126,0.11336903569437343,0.10418593751374021,0.09255868859825214,-0.12141288212742862,0.15481526994491637
2.570601310543611,1.1160831144012426,0.11226828442896847,0.10556400837329143,0.09185027307525383,-0.1242632138389267,0.15276202610595768
2.579584474213313,1.116904923796245,0.11113932459767448,0.10692700407232536,0.09111158647744516,-0.12708019316875152,0.15069159880408392
2.588589309544004,1.1177219284949722,0.10998242723653774,0.10827456835826033,0.09034283242115153,-0.1298632664357435,0.14860439042319554
2.597615086209833,1.1185337597174425,0.10879787533813262,0.10960635369317286,0.08954423076631746,-0.13261189002431858,0.14650079974138763
2.6066611049605988,1.119340053340885,0.10758596078335635,0.11092202417730679,0.08871601537242284,-0.13532553647316228,0.1443812170978124
2.6157266747924415,1.120140448062087,0.10634698690431905,0.11222125206339058,0.087858435631987,-0.13800368735291596,0.14224602961621166
2.6248111179408555,1.1209345860855235,0.1050812675056553,0.1135037184533715,0.08697175566403899,-0.1406458348008492,0.14009562000141826
2.6339137882624963,1.121722114930713,0.10378912388744192,0.11476911577260165,0.08605625204885649,-0.14325148672450136,0.1379303621130251
2.6430340363794733,1.122502684596432,0.10247088934844469,0.11601714277123505,0.0851122168280704,-0.14582015662825631,0.13575062917491074
2.652171243477521,1.1232759506890393,0.10112690404490002,0.11724750914456353,0.084139953712529,-0.14835137326588313,0.13355678570381996
2.661324809107127,1.1240415735227232,0.09975751627384942,0.11845993366254738,0.08313977879560172,-0.15084467693428114,0.13134919033825634
2.6704941376357767,1.1247992171688923,0.09836308415410272,0.11965414227945176,0.08211202163452251,-0.1532996157470226,0.1291281990815234
2.6796786541014854,1.1255485509642948,0.09694397292990051,0.12082987015043015,0.08105702314179711,-0.1557157499524656,0.12689416146597418
2.6888778021471706,1.1262892494784031,0.09550055487823474,0.12198686119812285,0.07997513534510364,-0.15809265121895355,0.1246474210091578
2.698091040856872,1.1270209923967371,0.09403320942769429,0.12312486756728049,0.07886672131934529,-0.16042990169929772,0.12238831595745815
2.7073178343611377,1.127743463853338,0.09254232450303483,0.12424364824899538,0.07773215607188964,-0.16272709139854566,0.12011718183529155
2.7165576629557706,1.128456353473887,0.09102829446497374,0.12534297037813363,0.07657182486296933,-0.1649838210376764,0.11783434872917074
2.7258100311178226,1.129159357100765,0.08949151841864636,0.12642261001698077,0.07538612175388743,-0.1671997038633777,0.11554013928281341
2.7350744406406675,1.1298521748632462,0.08793240433009376,0.12748234887424223,0.07417545264026322,-0.1693743591197887,0.11323487534832849
2.7443504182565794,1.13053451340891,0.08635136415151054,0.12852197743589902,0.07294023136892998,-0.17150741868427052,0.11091887115080798
2.7536374900271934,1.1312060841083043,0.08474881783432958,0.1295412919291902,0.07168088272857533,-0.1735985210488461,0.1085924396705778
2.762935198746052,1.1318666044723942,0.08312519011309555,0.13054009621098187,0.07039783982894174,-0.17564731540841771,0.10625588832640658
2.7722431007103867,1.1325157980050455,0.08148091073989858,0.1315182012665027,0.06909154414991209,-0.17765346084587422,0.10390951978375902
2.7815607603373436,1.1331533939259189,0.07981641515017872,0.1324754245313987,0.06776244595012959,-0.17961662515581622,0.10155363332579198
2.7908877451431273,1.1337791269530586,0.07813214512899225,0.13341158932338226,0.06641100469816895,-0.1815364838932452,0.09918852615690042
2.8002236312347475,1.1343927378043603,0.07642854760667263,0.13432652536121453,0.06503768801147874,-0.18341272165125883,0.09681449205000496
2.8095680104246985,1.1349939737517727,0.07470607309133818,0.1352200693571934,0.06364297027750478,-0.1852450334877024,0.09443181955484435
2.8189204787339794,1.135582587950523,0.07296517750767398,0.13609206379262714,0.062227334022879,-0.18703312262408386,0.09204079494194974
2.8282806396820765,1.1361583397577737,0.07120632137107386,0.1369423571816236,0.06079126914524622,-0.1887767011944955,0.08964170139792042
2.837648096697823,1.136720994372062,0.06942997099948016,0.13777080333710331,0.059335273805301625,-0.19047548894587835,0.08723482100531516
2.847022465041616,1.1372703236628927,0.0676365960531901,0.1385772624001389,0.05785985231745287,-0.19212921555115875,0.08482043171816457
2.856403356225864,1.137806105339504,0.06582667228409309,0.13936159942925774,0.056365517307203364,-0.19373761791565242,0.08239881140025797
2.865790409067014,1.1383281248117374,0.06400067532841976,0.14012368694393934,0.05485278448629339,-0.19530044558860005,0.07997022983921906
2.8751832476828616,1.1388361728674121,0.062159088589369596,0.1408634013497948,0.05332217905787893,-0.1968174536244126,0.07753495961599796
2.884581502347261,1.1393300469830723,0.06030239904213314,0.14158062469591132,0.05177423216599754,-0.19828840637410822,0.07509327076463201
2.8939848192732924,1.139809551882915,0.058431095058513585,0.14227524532237235,0.050209478970997264,-0.1997130789970894,0.07264542824675291
2.9033928291343245,1.1402744979928194,0.05654567244935871,0.14294715546625836,0.04862846359742972,-0.20109125273027098,0.07019170016829221
2.91280518945808,1.1407247036624755,0.05464662581315503,0.14359625433372905,0.04703173179637661,-0.20242272136349024,0.06773234676699222
2.922221539818157,1.1411599930163019,0.05273445730798827,0.1442224448543098,0.04541983819928061,-0.20370728475177735,0.06526763212335478
2.931641540423552,1.1415801978837854,0.05080966868047974,0.14482563633364237,0.043793339520779725,-0.20494475442131452,0.06279781410859536
2.9410648482836814,1.141985156718349,0.048872765871787134,0.1454057427683381,0.042152798329325766,-0.2061349502721879,0.06032315063582363
2.95049111741358,1.142374714717878,0.046924258816259876,0.14596268290385336,0.04049878278909153,-0.20727770085089892,0.05784389964338708
2.959920007752882,1.1427487242780376,0.04496465941846239,0.14649638077130972,0.03883186484780377,-0.20837284460029917,0.05536031677780716
2.9693511877579493,1.143107045116975,0.04299448079478527,0.14700676575621954,0.03715261948268815,-0.20942023014382927,0.052872654724490445
2.9787843198443857,1.1434495437601806,0.04101424011029968,0.14749377176343814,0.03546162701383169,-0.21041971470926338,0.05038116706510983
2.9882190742353907,1.14377609412723,0.03902445549872175,0.14795733795918362,0.03375947037900119,-0.2113711657828823,0.0478861046469817
2.997655126001831,1.1440865774342335,0.03702564646910518,0.14839740854225433,0.032046735371288715,-0.21227446076569984,0.045387716376310346
3.0070921464682145,1.1443808819504526,0.0350183355324444,0.14881393231701787,0.030324011929729607,-0.21312948621657343,0.04288625151102704
3.0165298123708415,1.144658903346752,0.0330030460739686,0.14920686311155237,0.02859189221405308,-0.21393613882396922,0.04038195725425245
3.0259678075522176,1.1449205447441237,0.03098030178201268,0.14957615977486224,0.02685097000443808,-0.2146943255077625,0.037875078314492105
3.035405809460566,1.14516571635791,0.028950629345305123,0.14992178561035205,0.025101842917356617,-0.2154039623573284,0.03536586050475712
3.0448435049530795,1.145394335963208,0.02691455487624795,0.15024370897461586,0.023345109222886077,-0.21606497595578142,0.03285454655921997
3.0542805796659604,1.1456063286188924,0.02487260599784927,0.15054190283546398,0.02158136953544013,-0.21667730256117732,0.03034137896939446
3.063716730648547,1.1458016269600684,0.022825308918585186,0.1508163451368109,0.019811224181671565,-0.21724088893804294,0.027826596631216192
3.073151634671395,1.1459801705522012,0.02077319511873886,0.15106701785031174,0.018035278876362366,-0.2177556904857229,0.025310443302370464
3.0825849989940624,1.1461419069189553,0.018716790138474524,0.15129390838434467,0.016254134920115758,-0.21822167420133898,0.022793154080230797
3.092016518015549,1.146286790661471,0.01665662280108427,0.15149700831738677,0.0144683970702877,-0.2186388161417012,0.020274966966738393
3.1014458872352315,1.1464147837634018,0.014593222002465883,0.15167631380314422,0.012678670661185491,-0.21900710231187767,0.01775611915904253
3.110872808480377,1.1465258556471538,0.012527115379515159,0.15183182563110315,0.010885560343423162,-0.21932652883979173,0.015236845661501072
3.120296993706443,1.1466199831564383,0.010458828283995384,0.15196354918927268,0.009089669085834775,-0.21959710194352483,0.012717378275878165
3.1297181461017574,1.146697150327798,0.008388887744772335,0.15207149413740498,0.0072916015110095584,-0.21981883729746812,0.010197950660743705
3.1391359731435107,1.1467573485371476,0.006317819428020932,0.15215567461059903,0.005491961154153025,-0.21999176048153332,0.007678794851673335
3.1485501860989653,1.146800576451228,0.00424614756500246,0.152216109155029,0.0036913502963643414,-0.22011590687380092,0.005160141402117579
3.1579605077565116,1.1468268399957624,0.002174393071267056,0.1522528206923921,0.0018903682268184693,-0.2201913215958413,0.002642217322673961
3.1673666498590594,1.146836152233221,0.00010307833979318138,0.1522658363632722,0.00008961530791478755,-0.2202180592030214,0.00012525212775244855
3.167834723736031,1.1468361732065142,2.5184731687263873e-13,0.1522658656768967,-2.1315164666938988e-12,-0.22021811942099442,-1.5942010081829161e-12